# callgrind format
version: 1
creator: callgrind-3.13.0
pid: 14420
cmd:  ./fast N
part: 1


desc: I1 cache: 1024 B, 64 B, direct-mapped
desc: D1 cache: 1024 B, 64 B, direct-mapped
desc: LL cache: 8388608 B, 64 B, direct-mapped

desc: Timerange: Basic block 0 - 45990
desc: Trigger: Program termination

positions: line
events: Ir Dr Dw I1mr D1mr D1mw ILmr DLmr DLmw
summary: 207609 50171 13408 6837 13070 2886 1221 2103 585


ob=(5) /home/mihai/arcos3/fast
fl=(88) ???
fn=(518) 0x0000000000000780
0 8 2 1 1 0 0 1

fn=(340) 0x0000000000000850
0 17 3 2 3 0 0 3

fn=(504) 0x0000000000000810
0 8 3 2 1 2
cob=(2) ???
cfi=(18) ???
cfn=(510) 0x0000000000108740
calls=1 0 
0 75 23 12 10 7 2 9 2
0 1 0 1
cfn=(518)
calls=1 0 
0 8 2 1 1 0 0 1
0 3 2 1 1 0 1

fn=(326) _start
0 11 2 3 1 1 0 1
cob=(3) /lib/x86_64-linux-gnu/libc-2.27.so
cfi=(89) /build/glibc-OTsEL5/glibc-2.27/csu/../csu/libc-start.c
cfn=(328) (below main)
calls=1 137 
0 77918 18349 2831 1114 3405 326 476 928 65

fn=(334) __libc_csu_init
0 15 0 7 2 0 0 2
cob=(2)
cfi=(18)
cfn=(336) 0x0000000000108698
calls=1 0 
0 6 2 0 1
0 8 1 1 0 1
cfn=(340)
calls=1 0 
0 17 3 2 3 0 0 3
0 11 7 0 1 1 0 1

fl=(94) /home/mihai/arcos3/fast.c
fn=(352) main
10 8 1 4 0 0 1
+2 1 0 1
+2 2 0 1 1 0 0 1
+2 4 0 1
cob=(3)
cfi=(95) /build/glibc-OTsEL5/glibc-2.27/stdio-common/printf.c
cfn=(356) printf
calls=1 +12 
* 64243 15304 774 399 2997 174 191 902 58
* 1 1 0 1 1 0 1
+2 2 1 0 1
+5 5 2 1 1 1 0 1
cob=(3)
cfi=(114) /build/glibc-OTsEL5/glibc-2.27/stdlib/atoi.c
cfn=(436) atoi
calls=1 +3 
* 92 17 10 13 8 2 12 2 1
* 1 1 0 1 1 0 1
* 1 0 1
+1 3 1 1
cfi=(117) /home/mihai/arcos3/arqo3.c
cfn=(442) generateMatrix
calls=1 -13 
* 7200 1641 1036 68 43 13 19 1 4
* 1 0 1 1 0 1
+1 2 1
+7 4 0 1 1 0 0 1
cob=(3)
cfi=(77) /build/glibc-OTsEL5/glibc-2.27/time/../sysdeps/unix/sysv/linux/x86/gettimeofday.c
cfn=(454) __gettimeofday_syscall
calls=1 -3 
* 5 1 0 2
* 1 1 0 1
+3 5 2 1
cfn=(456) compute
calls=1 +15 
* 12 5 4 2 0 0 1
* 2 0 1
+3 4 0 1
cob=(3)
cfi=(77)
cfn=(454)
calls=1 -9 
* 5 1 0 1
* 1 1
+1 16 5 1 2 1 0 2 1
cob=(3)
cfi=(95)
cfn=(356)
calls=1 -11 
* 1642 329 243 182 78 29 105 10 1
* 1 1
+1 6 2 2 1 1
cob=(3)
cfi=(95)
cfn=(356)
calls=1 -12 
* 3027 602 450 262 113 56 17 4
* 1 1 0 1 1
+4 3 1 1 1 1
cob=(3)
cfi=(102) /build/glibc-OTsEL5/glibc-2.27/malloc/malloc.c
cfn=(494) free
calls=1 3086 
* 70 20 10 8 12 2 8
* 1 1 0 1 1
+1 1 0 0 1
+1 5 4 0 1 3

fn=(456)
50 4 0 3 1 0 0 1
+4 5 2 1 1
+7 1 1
+1 2 2

fl=(117)
fn=(442)
11 4 0 2 2 0 0 2
+1 1 0 1
+1 1 0 1
+1 2 0 2
+2 5 1 1
cob=(3)
cfi=(102)
cfn=(378) malloc
calls=1 3028 
* 217 35 29 28 20 5 5 0 1
* 1 1 0 1
* 1 0 1
+1 8 2 1 1 0 0 1
cob=(3)
cfi=(102)
cfn=(378)
calls=1 3028 
* 217 35 29 23 17 4
* 1 1 0 1 1
* 1 0 1
+1 4 2
+10 2 0 1 1 0 0 1
cob=(3)
cfi=(118) /build/glibc-OTsEL5/glibc-2.27/stdlib/random.c
cfn=(448) srand
calls=1 209 
* 6726 1558 966 8 3 4 8 1 3
* 1 1 0 1 1
+1 5 2 1 2 0 0 2
+9 1 1
+1 2 2 0 0 1

ob=(3)
fl=(131) /build/glibc-OTsEL5/glibc-2.27/string/../sysdeps/x86_64/multiarch/strlen-avx2.S
fn=(486) __strlen_avx2
52 2 0 0 2 0 0 1
+1 2
+1 2
+3 2
+1 2
+1 2
+3 2 2 0 0 2 0 0 1
+1 2
+1 2
+8 2
332 2 0 0 2 0 0 1
+1 2
+1 2
+4 2
+1 2 2

fl=(90) /build/glibc-OTsEL5/glibc-2.27/stdlib/cxa_atexit.c
fn=(330) __cxa_atexit
65 7 0 4 1 0 1 1
-26 2 0 0 1 0 0 1
+26 1
-26 5 1 1 0 1 1 0 1 1
+1 2 0 1 1 0 0 1
cfn=(332) __new_exitfn
calls=1 +44 
* 29 7 6 5 3 1 5
+2 2
+7 2 1 0 0 1
+3 1 0 1
-1 1 0 1
+2 1 0 1
+1 1 0 1
+1 4 1 1 1 1 0 1
+1 1
+11 6 5 0 0 1

fn=(332)
84 2 1 0 1 1 0 1
-6 2 0 2 0 0 1
+1 2
-1 1
+11 5 1 0 1 1 0 1
+2 3 1 0 0 1
-2 1 1 0 1 0 0 1
+10 2 0 1
-10 2
+45 1 0 1 1 0 0 1
+1 1 0 1
+4 4 3
-19 1 0 0 1 0 0 1
+1 2 0 1

fl=(58) /build/glibc-OTsEL5/glibc-2.27/string/../sysdeps/x86_64/multiarch/ifunc-strcasecmp.h
fn=(254) strcasecmp_l
32 5 2 0 2 1 0 1
fi=(75) /build/glibc-OTsEL5/glibc-2.27/string/../sysdeps/x86_64/multiarch/strcasecmp_l.c
-1 1 1
fe=(58)

fn=(198) strcasecmp
32 5 2 0 1 1 0 1
fi=(59) /build/glibc-OTsEL5/glibc-2.27/string/../sysdeps/x86_64/multiarch/strcasecmp.c
-1 1 1 0 1 0 0 1
fe=(58)

fn=(234) strncasecmp
32 5 2 0 1 1
fi=(71) /build/glibc-OTsEL5/glibc-2.27/string/../sysdeps/x86_64/multiarch/strncase.c
-1 1 1 0 1 0 0 1
fe=(58)

fn=(270) strncasecmp_l
32 5 2 0 1 1 0 1
fi=(76) /build/glibc-OTsEL5/glibc-2.27/string/../sysdeps/x86_64/multiarch/strncase_l.c
-1 1 1 0 1 0 0 1
fe=(58)

fl=(95)
fn=(356)
28 46 2 33 5 2 3 1 0 1
+4 2
+1 4
-1 10 0 8 1
+1 6 4 2 0 4
cfi=(96) /build/glibc-OTsEL5/glibc-2.27/stdio-common/vfprintf.c
cfn=(358) vfprintf
calls=2 1244 
* 4599 919 655 437 181 83 122 14 1
-5 3 1 1 1 0 0 1
+4 1
+1 2
-1 5 0 4 1 0 1 1
+1 3 2 1 0 2
cfi=(96)
cfn=(358)
calls=1 1244 
* 64216 15298 763 395 2993 172 188 902 57
+4 15 9 0 3 6

fl=(64) /build/glibc-OTsEL5/glibc-2.27/wcsmbs/../sysdeps/x86_64/multiarch/ifunc-avx2.h
fn=(228) wcschr
32 2 2 0 2 0 0 1
-2 2
+2 4 2 0 2 2 0 1
-2 6
fi=(142) /build/glibc-OTsEL5/glibc-2.27/wcsmbs/../sysdeps/x86_64/multiarch/wcschr.c
+1 2 2
fe=(64)

fn=(214) wmemchr
32 2 2 0 2 0 0 1
-2 2
+2 4 2 0 0 2
-2 6
fi=(143) /build/glibc-OTsEL5/glibc-2.27/wcsmbs/../sysdeps/x86_64/multiarch/wmemchr.c
+1 2 2
fe=(64)

fn=(260) wcslen
32 1 1 0 1 0 0 1
-2 1
+2 2 1 0 1 1 0 1
-2 3
fi=(144) /build/glibc-OTsEL5/glibc-2.27/wcsmbs/../sysdeps/x86_64/multiarch/wcslen.c
-1 1 1
fe=(64)

fl=(67) /build/glibc-OTsEL5/glibc-2.27/string/../sysdeps/x86_64/multiarch/strncmp.c
fn=(222) strncmp
38 4 2 0 1 0 0 1
+1 3 1 0 0 1
+9 1 1

fl=(74) /build/glibc-OTsEL5/glibc-2.27/string/../sysdeps/x86_64/multiarch/strchr.c
fn=(248) index
40 2 2 0 1 2 0 1
-2 1
+2 2
-2 2
+11 1 1

fl=(124) /build/glibc-OTsEL5/glibc-2.27/stdlib/mul.c
fn=(468) __mpn_mul
48 96 6 54 12 4 5 2
+6 12
+12 12
+5 6 6 0 0 5 0 0 1
+1 12
+70 66 54 0 12 6 0 2
-61 6 0 6 3 0 4 1
cfi=(125) /build/glibc-OTsEL5/glibc-2.27/stdlib/../sysdeps/x86_64/mul_1.S
cfn=(470) __mpn_mul_1
calls=6 -49 
* 537 77 71 29 7 7 5 3
+2 6 6
+5 6
-5 12 0 6
+1 6
+4 24 2 2 1 0 0 1
+5 1
+1 1
+6 2 0 2 1
+1 4
-13 4
+2 2 2 0 0 2 0 0 1
+1 4
+7 4 1 1
cfi=(133) /build/glibc-OTsEL5/glibc-2.27/stdlib/../sysdeps/x86_64/addmul_1.S
cfn=(490) __mpn_addmul_1
calls=1 -63 
* 121 25 13 5 1 0 4
* 1 0 0 1
-3 5 1 1 1 0 0 1
cfi=(132) /build/glibc-OTsEL5/glibc-2.27/stdlib/../sysdeps/x86_64/add_n.S
cfn=(488) __mpn_add_n
calls=1 -59 
* 85 29 14 4 1 0 4
* 1

fl=(73) /build/glibc-OTsEL5/glibc-2.27/wcsmbs/../sysdeps/x86_64/multiarch/ifunc-wmemset.h
fn=(244) wmemset
32 4 4 0 1 3 0 1
-2 2
+2 4
-2 4
+5 2
-1 8 0 0 1 0 0 1
fi=(145) /build/glibc-OTsEL5/glibc-2.27/wcsmbs/../sysdeps/x86_64/multiarch/wmemset.c
-3 2 2
fe=(73)

fl=(86) /build/glibc-OTsEL5/glibc-2.27/string/../sysdeps/x86/cacheinfo.c
fn=(316) init_cacheinfo
488 7 0 6 1 0 0 1
+14 6 4 0 1 3 0 1
758 2 0 0 1 0 0 1
+2 1
+1 1 0 1 0 0 1 0 0 1
+2 1
-3 1
+5 1 0 1
-5 1 0 1
+4 3 0 1
+4 2
+3 2
+2 1
+1 1 0 1 1 0 1 1 0 1
+2 1
-3 1
+5 1 0 1
-5 1 0 1
+4 3 0 1
+9 1 1
+2 8 1 0 1
-2 1 0 1 0 0 1 0 0 1
+3 8 7 0 0 1
500 1 1 0 1 0 0 1
+4 1
-4 1 0 1
+4 1 0 1
cfn=(318) handle_intel.constprop.1
calls=1 259 
* 469 49 23 15 6 2 15 6
+2 1 0 0 1 0 0 1
-2 1
+2 1 0 1
cfn=(318)
calls=1 259 
* 515 49 23 7 2 0 1
+5 1 0 0 1
-5 1 0 1 0 0 1
+5 1 0 1
cfn=(318)
calls=1 259 
* 542 49 23 5 3
+8 1 0 0 1
-8 1
+8 1
+11 1
-20 1 0 1 0 0 1
+25 3 1
+4 2 1 0 1 0 0 1
+8 6
+3 2
+9 6
+14 2
+4 1
+3 1
+1 1
-4 1
+3 1
-3 1
+3 1
+6 8
-39 3
+3 9
+6 6
-6 3 0 0 1 0 0 1
+6 2
+3 20
+5 2
+4 1
+1 1
-1 3 0 0 1 0 0 1
691 4
+1 5
+4 2 0 0 1 0 0 1
+59 2
592 2 1 0 1 0 0 1
+8 1
+2 1 0 0 1 0 0 1
-2 6 1
+2 4
-2 1
+4 1
+23 2
-25 2
+2 6 0 0 1 0 0 1
+2 6
+3 2
+1 8
+2 4
+3 2
+5 1
+2 2
+1 1 0 0 1 0 0 1
-1 1
+2 1
-2 1
+1 2
+27 2
+1 1
+1 2
+2 1 1
-1 1
+1 1
-24 3 0 0 1 0 0 1
+4 2 1
+3 1
+2 4
+1 1
+5 2 0 0 1 0 0 1

fn=(320) intel_check_word.isra.0
132 12 0 0 3 0 0 1
+6 6
-10 18 0 12
+10 6
-10 6 0 6
+10 6
-10 6 0 6 0 0 1
+10 12
-10 6
+10 6
+2 6
-2 6
+2 18 0 0 3 0 0 1
250 12
140 24
+2 15
+2 30
+8 30
+51 24
+22 12 0 0 1 0 0 1
fi=(87) /build/glibc-OTsEL5/glibc-2.27/string/../bits/stdlib-bsearch.h
28 12
-1 24
+4 24
+1 12
fe=(86)
+87 24 12 0 0 1 0 0 1
fi=(87)
-88 138
+1 69
fe=(86)
+87 138 69 0 0 8 0 0 5
+3 81
fi=(87)
-93 252 0 0 1 0 0 1
+8 15
-8 36
fe=(86)
134 3 0 0 1 0 0 1
255 36 30
-91 9
+3 9
-6 13 0 0 1 0 0 1
+3 4
+9 4
+5 14
+1 10
+17 5
-32 15
+3 15
+4 14
+2 28
+2 14
+2 8
+4 3 0 0 1 0 0 1
+2 6
+2 3 0 0 2 0 0 1
+2 3
-2 3
+2 6
-2 3
+3 9
-2 12 0 0 3 0 0 1
+2 6
-24 2 0 0 1 0 0 1
+7 2
+2 4

fn=(318)
259 21 0 18 1 0 0 1
+2 3 3 0 0 2
-2 9 3 3 0 0 1
+5 9 3
+8 3 0 3
+1 3 0 3
-3 3 0 3 1 0 0 1
+5 12
+6 6
+5 3
-5 9 0 6
+5 3
+2 3
+1 3
-1 3 0 3 1 0 0 1
+5 18 0 3
cfn=(320)
calls=3 132 
* 1035 96 12 9 9 1 5 6
+2 6
+3 21 0 3 1 0 0 1
cfn=(320)
calls=3 132 
* 314 15 12 8 0 0 5
+2 6
+19 33 27 0 6 0 0 2

fl=(140) /build/glibc-OTsEL5/glibc-2.27/io/../sysdeps/unix/sysv/linux/write.c
fn=(554) write
27 8 1 0 1 1 0 1
+1 1 1

fl=(97) /build/glibc-OTsEL5/glibc-2.27/string/../sysdeps/x86_64/multiarch/strchr-avx2.S
fn=(362) __strchrnul_avx2
45 6 0 0 6 0 0 1
+2 6
+1 6
+1 6
+2 6
+1 6
+1 6
+4 1 1
+1 1
+1 1
+1 1
+1 1
+1 1
+1 1 0 0 1
+11 5 0 0 5 0 0 1
+1 5
+1 5 5 0 0 4
+1 5
+1 5
+1 5
+1 5
+2 5
+1 5 0 0 4 0 0 1
+1 5
+2 5
+1 5
+2 5
+7 5
+1 5 5
+87 1 0 0 1 0 0 1
+2 1
+7 1
+1 1 1

fl=(69) /build/glibc-OTsEL5/glibc-2.27/string/../sysdeps/x86_64/multiarch/ifunc-memset.h
fn=(226) memset
42 5 2 0 1 1 0 1
+4 2
-1 4 1
+12 2
+2 5 1 0 1 0 0 1

fl=(109) /build/glibc-OTsEL5/glibc-2.27/malloc/morecore.c
fn=(414) __default_morecore
46 2 0 0 2 0 0 1
+1 2 0 2
cfi=(110) /build/glibc-OTsEL5/glibc-2.27/misc/sbrk.c
cfn=(416) sbrk
calls=2 -15 
* 72 18 10 7 3 1 5
+2 6 0 0 2
+3 4 2

fl=(112) /build/glibc-OTsEL5/glibc-2.27/stdio-common/_itoa.c
fn=(426) _itoa_word
168 4 0 0 2 0 0 2
+2 2
+9 26 2 2 1 1 1 1 1
+9 2 1

fl=(93) /build/glibc-OTsEL5/glibc-2.27/setjmp/sigjmp.c
fn=(350) __sigjmp_save
29 1
-1 2 0 1
+1 2 0 1
+5 3 2

fl=(127) /build/glibc-OTsEL5/glibc-2.27/nptl/alloca_cutoff.c
fn=(474) __libc_alloca_cutoff
28 18 2 0 4 2 0 2
+7 2 2

fl=(135) /build/glibc-OTsEL5/glibc-2.27/stdlib/cxa_thread_atexit_impl.c
fn=(500) __call_tls_dtors
145 3 0 2 1 0 0 1
+1 4 2 0 1 2 0 1
+18 4 3 0 1 0 0 1

fl=(115) /build/glibc-OTsEL5/glibc-2.27/stdlib/../stdlib/strtol.c
fn=(438) strtol
106 4 2 0 1 2 0 1
cfi=(116) /build/glibc-OTsEL5/glibc-2.27/stdlib/../stdlib/strtol_l.c
cfn=(440) ____strtol_l_internal
calls=1 226 
* 82 14 9 10 6 1 10 2 1

fl=(119) /build/glibc-OTsEL5/glibc-2.27/stdlib/random_r.c
fn=(450) srandom_r
170 2 0 0 1 0 0 1
+2 1 1 0 0 1 0 0 1
+1 2
+3 1 1
+2 3 0 0 1 0 0 1
+3 1
-1 1 0 1 0 0 1 0 0 1
+1 1
+5 1 1
+1 1
+5 1
-5 1
-1 1
+1 2
+5 7 0 0 1 0 0 1
+2 1
-1 2
+1 1
+1 2
-3 203
+2 29
-1 58
+1 29
+1 58
+2 30 0 30 0 0 1 0 0 1
-10 90
+13 1 1
+1 1 0 1
-1 2 0 1
+2 2
+1 2 0 0 1 0 0 1
362 310 310
-2 310
+2 620
+10 310 310
-1 310 310
+2 310 310
+3 620 310 310
+3 620
+1 620
+8 600
-28 300
203 300
391 300 0 300
+1 300 0 300
203 310 0 0 1 0 0 1
391 10 0 10
+1 10 0 10
203 10
+7 2 1

fl=(80) /build/glibc-OTsEL5/glibc-2.27/csu/../csu/init-first.c
fn=(302) _init
52 8 0 4 1 0 1 1
+3 3 1 0 1 1 0 1
+14 1 1 0 0 1
fi=(81) /build/glibc-OTsEL5/glibc-2.27/csu/../sysdeps/generic/dl-hash.h
-25 1
fe=(80)
+23 1 0 1 0 0 1 0 0 1
+1 1 0 1
fi=(81)
-23 1
fe=(80)
+24 1 0 1 0 0 1 0 0 1
fi=(82) /build/glibc-OTsEL5/glibc-2.27/csu/../sysdeps/unix/sysv/linux/x86_64/init-first.c
-33 4 0 2 1 0 0 1
fi=(81)
+7 1
+5 3
+14 4
-17 3 1 0 0 1
+3 9
+14 12
-17 9 3
+22 1
fi=(82)
-31 2 0 0 1 0 0 1
+2 2
-2 1 0 1
+2 2 0 1 0 0 1
cfi=(63) /build/glibc-OTsEL5/glibc-2.27/elf/../sysdeps/unix/sysv/linux/dl-vdso.c
cfn=(210) _dl_vdso_vsym
calls=1 -13 
* 17 6 1 4 2
+2 1
+4 1
-4 1
+4 1
-4 1
+1 2 1 0 1 0 0 1
+1 1 0 1 0 0 1 0 0 1
+2 1 0 1
cfi=(63)
cfn=(210)
calls=1 -19 
* 17 6 1 0 1
fe=(80)
+37 3
fi=(82)
-36 2 1
+1 1 0 1 0 0 1
fe=(80)
+35 1 0 1
cfi=(83) /build/glibc-OTsEL5/glibc-2.27/misc/init-misc.c
cfn=(308) __init_misc
calls=1 -50 
* 58 10 5 7 4 1 7
+3 1 0 1
cfi=(85) /build/glibc-OTsEL5/glibc-2.27/ctype/ctype-info.c
cfn=(314) __ctype_init
calls=1 -53 
* 16 10 3 2 5 1 2
+5 6 5 0 1 2
-27 1 1 0 1 1 0 1
-7 1 0 1 0 0 1
+7 4 3 0 0 2

fl=(96)
fn=(358)
1244 42 3 21 3 0 1 1
+31 9 6 3 3 5 3 1
+8 10 3 1 0 3
+4 15 3 0 0 3
+11 12 0 3 3 0 3 1
+11 3 3 0 0 3
fi=(146) /build/glibc-OTsEL5/glibc-2.27/stdio-common/printf-parse.h
108 6
fe=(96)
1309 9 3 6 0 3 3
fi=(146)
108 3 0 3 0 0 2
cfi=(97)
cfn=(362)
calls=3 -63 
* 62 6 0 8 1 0 4
* 3 3 0 2 3 0 1
fe=(96)
1324 3
fi=(146)
108 3 0 3
fe=(96)
1324 18 3 6 3 3 0 1
+1 39 15 9 6 12 3 2 1
+3 3 3 0 0 3
fi=(147) /build/glibc-OTsEL5/glibc-2.27/stdio-common/../libio/libioP.h
870 9 0 0 3 0 0 1
+2 3
-2 3
+2 3
-2 3 0 3 0 0 3
+3 6
fe=(96)
1328 18 6 3 0 2
cfi=(98) /build/glibc-OTsEL5/glibc-2.27/libio/fileops.c
cfn=(364) _IO_file_xsputn@@GLIBC_2.2.5
calls=3 1220 
* 63798 15202 701 340 2955 157 130 897 58
* 6 0 0 3
1696 15 6 3 3 6 3 1
+1 9 3 0 0 3
+3 36 27 0 3 9 0 1
1283 4 0 0 2
+45 6 0 0 3 0 0 1
+4 9 6 0 0 3
+4 24 9 0 3 6 0 1
-57 3 0 3 0 0 3
+34 3 0 3
-8 3 0 3
-59 6 0 6 3 0 2 1
1378 45 9 0 3 6 0 1 2
-3 3 3 0 0 3
-5 3 0 3
-4 3
-1 3 0 3
-1 3
-1 3 0 3
-1 3
-1 3 0 3 3 0 0 1
-1 3 0 3
+15 3
-16 3 0 3
-1 3 0 3
-1 3 0 3
+14 3 0 3
-4 3
+8 3 0 3 3 0 0 1
-1 6 0 3
1696 18 3 6 6 3 3 1
-36 3 0 3 3 0 3 1
+2 6 3 0 3 0 0 1
+8 3
fi=(146)
108 12 0 6
cfi=(97)
cfn=(362)
calls=3 -63 
* 66 6 0 9 3
* 3 3 0 3 3
fe=(96)
1674 3
fi=(146)
108 3
fe=(96)
1674 9 6 0 0 2
fi=(147)
872 9 0 0 3 0 0 1
+1 6 3
fe=(96)
1674 21 3 6 0 3
cfi=(98)
cfn=(364)
calls=3 1220 
* 194 40 28 12 12 3
* 21 0 0 6 0 0 1
+2 3 3 0 0 3
-2 3
+2 9 3
-34 12 3 4 3 0 1 3
cfi=(112)
cfn=(426)
calls=1 168 
* 34 3 2 3 1 1 3 1
* 26 13 2 4 0 0 4
-27 22 2 0 4 0 0 2
-1 2
+1 12 4 0 0 4 0 0 1
+27 132 27 27 14 9 5 7
cfi=(120) /build/glibc-OTsEL5/glibc-2.27/stdio-common/printf_fp.c
cfn=(458) __printf_fp
calls=2 1272 
* 3729 734 501 333 90 51 116 14
* 4 0 0 2
1324 12 3 6 3 3 3 1
1642 18 6 0 5 1 0 5
fi=(147)
872 3
+1 2 1
fe=(96)
1642 5 3 2 1 1 0 1
cfi=(98)
cfn=(364)
calls=1 1220 
* 66 14 10 8 3 2 6
* 20 4 1 4 1 0 4
+1 3 2 0 1 0 0 1
-1 15 3 1 2 0 0 2

fl=(132)
fn=(488)
36 1 0 0 1 0 0 1
+1 1 1
+1 1 1
+2 1
+1 1 0 0 1 0 0 1
+1 1
+1 1
+1 1
+1 1
+1 1
+1 1
+1 1
+1 1
+1 1
+14 1
+1 1
+1 1
+1 1
+2 1
+1 1 0 1
+1 1
+1 1
+1 1 1
+4 3 3 0 1 0 0 1
+1 3 3
+1 3
+1 3 0 3
+2 3 3
+1 3 3
+1 3
+1 3 0 3
+2 3 3
+1 3 3
+1 3
+1 3 0 3
+2 3 3
+1 3 3
+1 3
+1 3 0 3
+2 3
+1 2
+1 2
-7 1 1 0 1 0 0 1
+1 1 1 0 0 1
+1 1
+1 1 0 1
+2 1
+1 1
+1 1

fl=(61) /build/glibc-OTsEL5/glibc-2.27/time/../sysdeps/unix/sysv/linux/x86/time.c
fn=(206) time
43 2 0 0 1 0 0 1
fi=(62) /build/glibc-OTsEL5/glibc-2.27/time/../sysdeps/generic/dl-hash.h
+1 1
+1 1
fe=(61)
-2 4 0 2 0 0 1
fi=(62)
+5 3
+14 4 0 0 1 0 0 1
-17 3 1 0 0 1 0 0 1
+3 9
+14 12
-17 9 3
+22 1
fe=(61)
-24 6 0 2
cfi=(63)
cfn=(210)
calls=1 -18 
* 17 6 1 4 2 0 4
* 5 1 0 1 0 0 1

fl=(65) /build/glibc-OTsEL5/glibc-2.27/string/../sysdeps/x86_64/multiarch/ifunc-memcmp.h
fn=(218) bcmp
33 5 3 0 1 1 0 1
-1 2
+2 2 0 0 1
+1 3
fi=(66) /build/glibc-OTsEL5/glibc-2.27/string/../sysdeps/x86_64/multiarch/memcmp.c
-6 1 1
fe=(65)

fl=(56) /build/glibc-OTsEL5/glibc-2.27/string/../sysdeps/x86_64/multiarch/ifunc-memmove.h
fn=(194) memmove
44 10 4 0 4 3 0 2
+4 4
-1 4
+12 4
+2 10 4 0 2 2 0 1

fn=(216) mempcpy
44 5 2 0 1 1 0 1
+4 2 0 0 1 0 0 1
-1 2
+12 2
+2 5 2 0 1 0 0 1

fn=(240) memcpy@@GLIBC_2.14
44 5 2 0 1 1 0 1
+4 2 0 0 1 0 0 1
-1 2
+12 2
+2 5 2 0 1 0 0 1

fl=(120)
fn=(478) hack_digit
167 6 0 4 2 0 0 1
+3 10 4
+2 6 3
+2 1 0 0 1 0 0 1
+1 3
-1 1 1
+1 1 0 1
cfi=(125)
cfn=(470)
calls=1 32 
* 20 3 2 2
* 1 0 1
+32 6 3
-37 12 2 2 2 0 0 1
+37 5 3

fn=(458)
1272 2 2 0 2 2 0 1
-1 2
+1 8 2 0 0 2
cfn=(460) __printf_fp_l
calls=2 213 
* 3717 730 501 331 86 51 115 14

fn=(460)
213 28 2 18 4 2 4 2
+50 2 2
-50 4 0 2 0 0 2
+41 2 0 2
+16 4 2 2 0 0 1
-7 2
+10 2
-10 6 0 0 2 0 0 1
+10 2
-10 2 0 2
+10 2
fi=(121) /build/glibc-OTsEL5/glibc-2.27/stdio-common/../include/../locale/localeinfo.h
+36 2 2 0 0 2
fe=(120)
-15 2
fi=(121)
+15 4 2 2 0 2
fe=(120)
-33 4 2 2
+18 2
+8 2 0 2 2 0 0 1
-71 2 0 2
-1 2 0 2 0 0 2
383 6 2
+5 4 0 0 2 0 0 1
+40 2 2 0 2 0 0 1
+13 2 0 2
-13 12
+1 2
+1 4
+3 8
+1 4
+1 4 0 0 2 0 0 1
-2 2
+1 2
-1 2 0 2
+2 2
+7 2
-8 2 0 2
+1 2 0 2
+7 2
-50 34 6 4 6 4 2 3 2
cfi=(122) /build/glibc-OTsEL5/glibc-2.27/stdlib/../sysdeps/ieee754/dbl-64/dbl2mpn.c
cfn=(464) __mpn_extract_double
calls=2 37 
* 47 2 9 6 0 2 3
* 12 0 2 2
1265 24 18 0 4 6 0 2
827 4 4 0 2 0 0 1
+10 4 4
-10 2 0 2
+10 8 6 0 0 6 0 0 1
+2 2
-2 2 0 2
+2 2
+10 4 2 0 2 0 0 1
+48 2 2 0 2 0 0 1
-61 2 0 2
+61 4
+14 8 2 0 2 0 0 1
+1 2 2
-1 4
+7 2
fi=(128) /build/glibc-OTsEL5/glibc-2.27/stdio-common/../sysdeps/pthread/allocalim.h
27 4 0 2 0 0 1
cfi=(127)
cfn=(474)
calls=2 +1 
* 20 4 0 4 2 0 2
+2 4 0 0 2 0 0 1
fe=(120)
928 14 0 4
+4 2 2
-3 2
+3 8 0 0 2 0 0 1
+12 2 2 0 2 0 0 1
+13 2 0 2
-1 6 0 2
+2 56 14 0 3
+1 4 2
170 12 12 0 2 0 0 1
961 12
170 48 12
+2 15 9 0 3 0 0 1
962 12 0 12 5 0 0 1
+1 12
+2 48 0 0 2 0 0 1
174 3 0 0 1 0 0 1
+1 9
-1 6 3 3
+1 3 0 3
cfi=(125)
cfn=(470)
calls=3 32 
* 60 9 6 6
* 18 3 3
974 6 4 0 2 0 0 1
+1 4 2 2
cfn=(478)
calls=2 167 
* 72 19 10 7 0 0 3
+2 12
+2 3 1 0 1
+3 2 1
-4 1
fi=(129) /build/glibc-OTsEL5/glibc-2.27/stdio-common/../sysdeps/generic/get-rounding-mode.h
94 1 0 1
+1 4 1
-1 1 0 1 1 0 0 1
+1 6 1 0 2 0 0 1
fe=(120)
1093 3
+7 2 0 0 1
+3 6 2 0 1 0 0 1
+13 6 2 0 2 0 0 1
+46 14 6 0 2 0 0 1
+2 12 2 0 2 0 0 1
+2 2
-2 4 0 2
+2 14 4
170 87 12 12 6 0 0 2
+87 2 0 0 2
1169 4
645 4 0 0 2 0 0 1
1171 8 4 0 2 0 0 1
852 2 0 0 2 0 0 1
-1 2 0 2
+1 2
+3 6 2
fi=(129)
95 4 0 0 2 0 0 1
fi=(130) /build/glibc-OTsEL5/glibc-2.27/stdio-common/../include/rounding-mode.h
-43 6
+6 2
fe=(120)
999 4 1
+5 1 1
-1 1
+1 4 0 0 1 0 0 1
+5 3 1
+4 2 0 1 1 0 0 1
+11 2 1
+69 3
661 8 0 2 2 0 2 1
cfi=(123) /build/glibc-OTsEL5/glibc-2.27/stdlib/../sysdeps/x86_64/lshift.S
cfn=(466) __mpn_lshift
calls=2 29 
* 30 4 2 6 0 1 3
+1 2 2
-4 2
+8 2
-18 2 0 2 2 0 0 1
+14 8 2 4
+4 2 2
+48 2
-49 2 0 2
+49 2 0 2
-48 6 0 2 2 0 0 1
+15 5 0 1 0 0 1
cfi=(124)
cfn=(468)
calls=1 48 
* 261 60 43 17 6 4 6 3
+8 18 12 0 4 5
+1 12
+3 12 6 0 6 0 0 1
+1 12
+1 6
-2 6
+2 6
-2 12 6 0 0 1
+2 6
-2 6
+2 12
+7 24 6 0 6
+22 18
+61 22
-2 22
+2 88
671 22 0 0 2 0 0 1
+2 44 22 0 0 11 0 0 5
+7 12 12 0 3 0 0 1
+1 18 12
+1 6 6
-2 18
+6 20 0 5 0 0 1
cfi=(124)
cfn=(468)
calls=5 48 
* 775 149 127 52 20 12 14 2
* 5 0 0 5
+5 18 0 6 6 0 0 1
+42 12
-1 6
+1 6
+5 6
-5 6 0 6
+5 12
-6 6 0 6
+6 6
+3 60 10 0 7 0 0 1
+1 3
+7 3 1
+14 3
+12 5 0 5 4 0 1 1
cfi=(126) /build/glibc-OTsEL5/glibc-2.27/stdlib/../sysdeps/x86_64/rshift.S
cfn=(472) __mpn_rshift
calls=5 29 
* 257 56 51 19 0 5 5
+3 25 10 5 3 0 0 1
+31 6 2 2 2 0 0 1
1173 4 0 0 2
+3 10 4 0 2 0 0 1
+9 2 2
+7 2 2
-7 4
+7 4 2 0 2 0 0 1
+5 4 2 2
cfi=(131)
cfn=(486)
calls=2 52 
* 30 4 0 4 2 0 2 1
* 2 2 0 2 2 0 1
+2 2 2
-2 2
+2 4
+5 2 2 0 2 0 0 1
+2 2 2
-2 4
+2 2
-2 2 0 2
+2 2
+11 12 0 2 2 0 0 1
+7 20 6 4
+3 28
+3 28 0 14
-6 48
+1 48 16 0 2 0 0 1
+1 8 2 2
cfi=(113) /build/glibc-OTsEL5/glibc-2.27/string/../sysdeps/x86_64/multiarch/memmove-vec-unaligned-erms.S
cfn=(430) __mempcpy_avx_unaligned_erms
calls=2 204 
* 34 4 2 6
* 2 2 0 2 2
* 2
+2 6 6 0 2 0 0 1
+6 6 4 0 2 0 0 1
+17 198 50 32 4 9 9 2
987 1 0 0 1 0 0 1
-1 1
+1 4 2 0 1 0 0 1
1167 2 0 0 2 0 0 1
852 4 0 2
741 1 0 0 1
+24 15 0 0 4 0 0 1
1254 6 2 0 2 2 0 1
+7 6 4 0 0 2
952 2 2 0 2 0 0 1
-2 2 0 2
+2 2
-1 2 0 2
831 2 0 2
952 4 0 2 2 0 0 1
640 4 0 0 4 0 0 2
864 4 0 0 2 0 0 1
-10 2
-1 2 0 2
+10 2 0 2
+1 2 0 2
-12 6 2 2 2 0 0 1
+83 2 0 0 2 0 0 1
1200 4 0 2
742 15 0 0 4 0 0 1
+7 15 5
+3 22 0 0 3 0 0 1
+7 1 0 0 1
-1 1 0 1
cfi=(123)
cfn=(466)
calls=1 29 
* 59 13 12 4 0 1 2
+2 2 1
+1 1 1
-1 1 0 1
+1 3 1 1 1 0 0 1

fl=(118)
fn=(448)
209 2 0 0 1 0 0 1
+1 6 1 1 1 1 1 1 0 1
+1 3 0 1 1 0 0 1
cfi=(119)
cfn=(450)
calls=1 -41 
* 6709 1555 963 5 1 2 5 1 2
+1 4 1 1 0 0 1
+1 2 1 0 0 1

fl=(133)
fn=(490)
35 1 0 1 1
+1 1 0 1
+1 1
+1 1
+2 1 1
+1 1 1
+2 1
+1 1
+1 1
+2 1
+1 1
+14 1 0 0 1 0 0 1
+1 1
+2 1
+1 1 1
+1 1
+1 1
+1 1
+1 1 1 0 1 0 0 1
+1 1
+1 1
+3 4
+1 4
+1 4
+1 4 4
+1 4
+1 4 0 4
+1 4 4 0 0 1
+1 4
+1 4
+1 4
+1 4
+1 4
+1 4 4
+1 4
+1 4 0 4
+1 4 4
+1 4
+1 4
+1 4
+1 4
-1 1 0 0 1 0 0 1
+1 1
+2 1
+1 1
+1 1
+1 1 0 1
+1 1
+1 1 1
+1 1
+1 1
+1 1 0 1
+1 1
+1 1 1
+1 1
+1 1 0 1 1 0 0 1
+1 1
+1 1
+1 1 1
+1 1 1
+1 1 1

fl=(101) /build/glibc-OTsEL5/glibc-2.27/io/../sysdeps/unix/sysv/linux/wordsize-64/fxstat.c
fn=(374) _fxstat
34 1 0 0 1 0 0 1
-1 1
+1 1
+1 6 0 0 1 0 0 1
+4 1 1

fl=(134) /build/glibc-OTsEL5/glibc-2.27/stdlib/exit.c
fn=(498) __run_exit_handlers
40 9 0 6 1 0 0 1
+5 1
-5 1 0 1
+5 2
+11 14 2 2 2 1 1 1
+3 2 2 0 0 1 0 0 1
+2 5
+16 2 0 0 1 0 0 1
+35 6 1 1 2 1
+2 2 1
-44 6 2 0 1 2 0 1
+2 1
+1 1 1
-1 1 0 1
+4 4 1 1 1 0 0 1
+1 6 1 0 1 0 0 1
+29 1 1
-3 1 0 1
+5 1
-2 2 1 0 0 1
+2 2 1 1 1 0 0 1
cob=(1) /lib/x86_64-linux-gnu/ld-2.27.so
cfi=(136) /build/glibc-OTsEL5/glibc-2.27/elf/dl-fini.c
cfn=(502) _dl_fini
calls=1 -78 
* 722 200 107 59 66 29 34 2
+1 1 0 0 1
+11 1 1
+1 1
-1 1 0 1 0 0 1
+1 1
+5 4 1 1
-73 1 0 0 1 0 0 1
+12 1 0 1 0 0 1
+1 4 1 1
+63 2 1 0 1 0 0 1
+1 11 1 1 1 1
cfi=(99) /build/glibc-OTsEL5/glibc-2.27/libio/genops.c
cfn=(544) _IO_cleanup
calls=1 918 
* 483 127 101 54 50 10 43 4
* 3 0 0 1
+2 2 0 1
cfi=(141) /build/glibc-OTsEL5/glibc-2.27/posix/../sysdeps/unix/sysv/linux/_exit.c
cfn=(564) _Exit
calls=1 27 
* 8 1 0 2 1 0 2
-86 1 0 1
cfi=(135)
cfn=(500)
calls=1 +99 
* 11 5 2 3 2 0 3
* 1

fn=(496) exit
139 1 0 0 1 0 0 1
-1 1
+1 3 0 1
cfn=(498)
calls=1 -99 
* 1329 352 231 133 126 42 91 7

fl=(91) /build/glibc-OTsEL5/glibc-2.27/setjmp/../sysdeps/x86_64/bsd-_setjmp.S
fn=(346) _setjmp
30 1 0 0 1 0 0 1
+2 1
cfi=(92) /build/glibc-OTsEL5/glibc-2.27/setjmp/../sysdeps/x86_64/setjmp.S
cfn=(348) __sigsetjmp
calls=1 -6 
* 27 6 10 3 1 0 3

fl=(137) /build/glibc-OTsEL5/glibc-2.27/stdlib/cxa_finalize.c
fn=(512) __cxa_finalize
30 4 0 4 1 0 0 1
+3 2
-3 10 0 8
+3 2
-3 2
+3 10 2 2 2 2 2 1
+3 6 2 0 0 1
+4 14 2 0 1 2 0 1
-4 6 2 0 1 0 0 1
+58 10 2 0 1 0 0 1
+4 12 2 0 0 2 0 0 1
-4 6 2 0 1 0 0 1
+12 4
+1 4 0 2
cfi=(138) /build/glibc-OTsEL5/glibc-2.27/nptl/unregister-atfork.c
cfn=(514) __unregister_atfork
calls=2 -79 
* 32 14 6 3 4 2 2 1
+2 8 2 2 2 2 0 1
+1 16 14

fl=(72) /build/glibc-OTsEL5/glibc-2.27/wcsmbs/../sysdeps/x86_64/multiarch/wcsnlen.c
fn=(242) wcsnlen
40 1 1 0 1 0 0 1
-2 1
+2 2 1 0 0 1
-2 2
+11 1 1

fl=(92)
fn=(348)
26 1 0 1 1 0 0 1
+9 1
+1 2 1 0 1 1 0 1
+1 1 0 1
+4 1 0 1
+1 1 0 1
+1 1 0 1
+1 1 0 1
+1 1
+2 2 1
+2 1 0 1
+1 1 1
+1 1
+2 2 1
+2 1 0 1 1 0 0 1
+8 1
cfi=(93)
cfn=(350)
calls=1 -34 
* 8 2 2

fl=(116)
fn=(440)
226 2 0 2 1 0 0 1
+48 1
-48 5 0 4
+47 1
-47 2
+26 2 0 0 1 0 0 1
+31 4
525 8 7 0 0 1
292 6 3 0 1 3 0 1 1
+2 2
+5 2
+5 1
-6 1 0 1 1 0 1 1 0 1
+6 1
+4 2
+10 2
+7 2
434 1 0 0 1 0 0 1
-56 1
+56 3
+16 1
+10 1 1 0 0 1
+1 1
-84 1
-1 1
+96 1
-22 2 0 1
-14 3 0 0 1 0 0 1
+7 2
+17 2 1 0 1 0 0 1
+1 3 2 0 0 1 0 0 1
+3 3
+14 2 0 0 1 0 0 1
328 5 0 1 1 0 0 1
-82 2
524 1
-10 2 0 0 1 0 0 1

fl=(70) /build/glibc-OTsEL5/glibc-2.27/string/../sysdeps/x86_64/multiarch/ifunc-sse4_2.h
fn=(246) strpbrk
30 5 2 0 1 1
fi=(148) /build/glibc-OTsEL5/glibc-2.27/string/../sysdeps/x86_64/multiarch/strpbrk.c
-1 1 1
fe=(70)

fn=(232) strcspn
30 5 2 0 2 0 0 2
fi=(149) /build/glibc-OTsEL5/glibc-2.27/string/../sysdeps/x86_64/multiarch/strcspn.c
-1 1 1
fe=(70)

fn=(262) strspn
30 5 2 0 1 0 0 1
fi=(150) /build/glibc-OTsEL5/glibc-2.27/string/../sysdeps/x86_64/multiarch/strspn.c
-1 1 1
fe=(70)

fl=(57) /build/glibc-OTsEL5/glibc-2.27/string/../sysdeps/x86_64/multiarch/ifunc-unaligned-ssse3.h
fn=(266) stpcpy
33 4 2 0 1 1 0 1
+3 4 1
fi=(151) /build/glibc-OTsEL5/glibc-2.27/string/../sysdeps/x86_64/multiarch/stpcpy.c
-3 1 1
fe=(57)

fn=(264) stpncpy
33 4 2 0 1 1 0 1
+3 4 1 0 1
fi=(152) /build/glibc-OTsEL5/glibc-2.27/string/../sysdeps/x86_64/multiarch/stpncpy.c
-5 1 1
fe=(57)

fn=(196) strncpy
33 4 2 0 1 1 0 1
+3 4 1
fi=(153) /build/glibc-OTsEL5/glibc-2.27/string/../sysdeps/x86_64/multiarch/strncpy.c
-7 1 1
fe=(57)

fn=(202) strcat
33 4 2 0 1 1 0 1
+3 4 1
fi=(154) /build/glibc-OTsEL5/glibc-2.27/string/../sysdeps/x86_64/multiarch/strcat.c
-7 1 1
fe=(57)

fn=(238) strcpy
33 4 2 0 0 1
+3 4 1
fi=(155) /build/glibc-OTsEL5/glibc-2.27/string/../sysdeps/x86_64/multiarch/strcpy.c
-7 1 1
fe=(57)

fl=(103) /build/glibc-OTsEL5/glibc-2.27/malloc/hooks.c
fn=(380) malloc_hook_ini
29 5 0 2 1 0 0 1
fi=(104) /build/glibc-OTsEL5/glibc-2.27/malloc/arena.c
291 1 1 0 0 1 0 0 1
fe=(103)
30 1 1
fi=(104)
291 1
fe=(103)
30 1 0 1
fi=(104)
291 1
fi=(102)
3039 7 0 0 2 0 0 1
+3 1 1 0 0 1
-2 2
+2 3 1 0 0 1
+13 4 1 0 1 1 0 1
+2 3 0 1
cfn=(410) _int_malloc
calls=1 3521 
* 154 22 27 17 11 4 6 0 1
+1 1 0 0 1
-1 1
+1 6 1 0 1 1 0 1
-19 4 0 0 1 0 0 1
-56 5 2 2 0 1
cfn=(408) tcache_init.part.4
calls=1 +3 
* 496 81 138 57 31 23 49 2 10
+62 3 2 0 2 0 0 1
fe=(103)
33 6 3 1 2 1 1 1
cfi=(104)
cfn=(382) ptmalloc_init.part.0
calls=1 289 
* 62626 14980 453 200 2877 120 37 893 46
* 1 1 0 1 1
fi=(102)
3034 2
fe=(103)

fl=(68) /build/glibc-OTsEL5/glibc-2.27/string/../sysdeps/x86_64/multiarch/strcmp.c
fn=(224) strcmp
38 4 2 0 1 1 0 1
+3 4 1
+6 1 1

fl=(104)
fn=(382)
289 2 0 1 1 0 0 1
+5 1 0 1
-5 3 1 1
+13 2 1 0 1 1 0 1
+6 1 0 0 1
fi=(102)
1816 2
fe=(104)
308 12 6 2 1 3 1 1 2
fi=(102)
1816 13 0 0 1 0 0 1
+1 1
-1 3 0 0 1 0 0 1
+1 11 0 4 0 0 2 0 0 2
-1 390
+1 30
-1 90
+1 331 0 120 0 0 30 0 0 30
fe=(104)
313 1 0 0 1 0 0 1
fi=(102)
1825 1 0 1 0 0 1 0 0 1
fe=(104)
313 4 1 1 0 0 1
fi=(102)
1817 7 1 3 1 0 0 1
+11 1
-11 4 1 2 0 0 1
+9 1 0 1 0 0 1 0 0 1
fe=(104)
313 1
fi=(102)
1828 1 0 1 0 0 1
fe=(104)
313 1 0 1
cob=(1)
cfi=(106) /build/glibc-OTsEL5/glibc-2.27/elf/../sysdeps/x86_64/dl-trampoline.h
cfn=(392) _dl_runtime_resolve_xsave
calls=1 71 
* 1027 328 133 81 113 36 0 2
* 5 3 2 2 2 1 1
+1 4 0 1 1 0 0 1
cob=(1)
cfi=(9) /build/glibc-OTsEL5/glibc-2.27/elf/dl-tunables.c
cfn=(26) __tunable_get_val
calls=1 +59 
* 18 4 1 0 1
* 1 1 0 1 1
+1 4 0 1
cob=(1)
cfi=(9)
cfn=(26)
calls=1 +58 
* 19 4 1 0 2
* 1 1
+1 4 0 1
cob=(1)
cfi=(9)
cfn=(26)
calls=1 +57 
* 18 4 1 0 1
* 1 1
+1 4 0 1 1 0 0 1
cob=(1)
cfi=(9)
cfn=(26)
calls=1 +56 
* 18 4 1 0 1
* 1 1
+1 4 0 1
cob=(1)
cfi=(9)
cfn=(26)
calls=1 +55 
* 19 4 1 0 1
* 1 1
+1 4 0 1
cob=(1)
cfi=(9)
cfn=(26)
calls=1 +54 
* 18 4 1 0 3 1
* 1 1
+1 4 0 1 1 0 0 1
cob=(1)
cfi=(9)
cfn=(26)
calls=1 +53 
* 18 4 1 0 2
* 1 1
+2 4 0 1
cob=(1)
cfi=(9)
cfn=(26)
calls=1 +51 
* 18 4 1 0 2
* 1 1
+1 4 0 1
cob=(1)
cfi=(9)
cfn=(26)
calls=1 +50 
* 18 4 1
* 1 1
+1 4 0 1 1
cob=(1)
cfi=(9)
cfn=(26)
calls=1 +49 
* 18 4 1 1 2
* 1 1
+71 2 2 0 1 2
+1 2
+4 2 2 0 0 2
-1 1 0 1 0 0 1
+1 4 2
-97 5 0 1 2 0 1 2
cfi=(105) /build/glibc-OTsEL5/glibc-2.27/elf/dl-addr.c
cfn=(384) _dl_addr
calls=1 126 
* 60426 14580 157 99 2738 42 24 889 12
* 2 0 0 1
+1 4 2

fl=(126)
fn=(472)
29 5 0 0 3 0 0 1
+1 5
+1 5
+2 1 1
+1 1 1
+1 1
+1 1
+1 1 1
+1 1
+1 1
+1 1
+1 1
+3 4
+1 4
+1 2 2
+1 2
+1 2
+1 2
+1 2
+1 2 2 0 1
+1 2 2
+1 2
+1 2
+1 2
+6 2 0 0 2 0 0 1
+1 1 1
+1 1 1
+1 1
+1 1
+1 1
+1 1
+5 1
+1 1 0 1
+1 1 0 0 1 0 0 1
+1 1 0 1
+1 1 1
+4 1 1 0 1
+1 1 1
+1 1
+1 1
+1 1 1
+1 1
+1 1
+1 2
+3 1
+1 1 1
+1 1 0 1 0 0 1
+1 1
+1 1 1 0 1 0 0 1
+1 1 0 1
+1 1
+1 1 1
+1 1 0 1
+1 1
+1 1 1
+1 1 0 1
+1 1
+1 1
+1 1
+1 1
-15 7 0 0 3
+1 7 7
+1 7 0 7
+1 7
+1 7 7
+1 7 0 7
+1 7
+1 7 7
+1 7 0 7 0 0 2
+1 7
+1 7 7
+1 7 0 7 0 0 1
+1 7
+1 7
+1 7
+1 7
-9 2 0 0 2
+1 2 2
+1 2 0 2
+1 2
+1 2 2
+1 2 0 2
+1 2
+1 2
+1 2
+1 2
-6 1 0 0 1
+1 1 1
+1 1 0 1
+1 1
+1 1
+1 1
+1 1
+2 4
+1 4 0 4 0 0 1
+1 4
+1 4 0 4
+1 4
+1 4 0 4 4 0 0 1
+1 4 4

fl=(98)
fn=(366) _IO_file_overflow@@GLIBC_2.2.5
747 6 2 0 2 0 0 1
+7 2
-8 12 2 6
+8 5 1
+35 4 0 0 1
-32 2 0 0 1 0 0 1
+12 2 0 0 2 0 0 1
+9 4 2
+8 1 1 0 0 1
-4 1 0 1
+3 2
-2 2 0 2
-3 1 0 1
+1 2 0 1
+5 1
-1 1 0 1
+1 3 0 0 1 0 0 1
+4 2 0 0 1
+1 2
+11 6 6 0 0 1
-12 2
cfn=(422) _IO_do_write@@GLIBC_2.2.5
calls=2 433 
* 112 28 18 11 9 2 9
-31 2 0 1 1 0 1 1
cfi=(99)
cfn=(368) _IO_doallocbuf
calls=1 362 
* 63456 15129 642 303 2938 150 114 896 57
+1 6 2 3 1

fn=(422)
433 6 0 0 2 0 0 1
+1 1 1
-3 16 1 6 1 1 1 1
+11 2 1
+7 4 2
fi=(139) /build/glibc-OTsEL5/glibc-2.27/libio/libioP.h
873 2 0 0 2 0 0 2
fe=(98)
457 4 1 1 0 1
cfn=(552) _IO_file_write@@GLIBC_2.2.5
calls=1 1196 
* 45 10 5 4 3 1 3
* 1
+1 5 1 0 0 1
+6 1 1
-4 1 1 0 0 1
+4 1
-4 3 0 3
+1 2 0 2 1 0 0 1
+3 2 1
-2 1 0 1
-29 4
+1 8 7 0 0 2
+29 3 1 0 1 0 0 1

fn=(364)
1220 28 0 28 7 0 0 1
+7 7
-7 21 0 14 7 0 4 1
+6 35
+7 35 14 0 0 12 0 0 1
+17 21 7
+1 6
+3 24
+4 6
+2 18 0 0 5
-1 6
+1 6
-2 6 0 6
cfi=(113)
cfn=(430)
calls=6 204 
* 96 16 10 13 4 6 5 0 1
* 6 6 0 6 6 0 1
* 6 0 6
+4 12
+18 12
+10 63 49 0 1 5
-40 1 0 0 1 0 0 1
+16 1 1 0 1 0 0 1
fi=(139)
870 3
+2 2
+1 2
fe=(98)
1266 3 1 1 0 1
cfn=(366)
calls=1 747 
* 63509 15140 655 312 2940 151 120 896 57
* 2 0 0 1
+6 2 2
+1 7 0 0 1 0 0 1
+2 2
+11 3
+1 4 0 1
cfi=(99)
cfn=(424) _IO_default_xsputn
calls=1 392 
* 100 20 18 5 2 1 5
* 3

fn=(552)
1196 6 0 4 1
+2 6
+5 1 0 1 0 0 1
cfi=(140)
cfn=(554)
calls=1 27 
* 9 2 0 1 1 0 1
+1 2
+5 1
+1 1
-12 2
+5 5 2 0 1 1 0 1
+10 3 1
+3 9 5 0 1 1 0 1

fn=(562) _IO_file_sync@@GLIBC_2.2.5
807 4 0 2 1 0 0 1
+5 4 2
+2 1 1 0 1 0 0 1
+1 2 1
+15 2 0 1 1 0 0 1
+4 4 3

fn=(372) _IO_file_stat
1169 1 0 0 1 0 0 1
+1 3 1
cfi=(101)
cfn=(374)
calls=1 34 
* 10 1 0 2 0 0 2

fn=(558) _IO_file_setbuf@@GLIBC_2.2.5
389 2 0 1 1 0 0 1
+1 1 0 1
cfi=(99)
cfn=(560) _IO_default_setbuf
calls=1 +89 
* 68 16 18 8 0 0 8
* 2 0 0 1
+4 2 1 1
-1 2 0 2
+2 3 0 3
+2 1
+1 2 2

fl=(84) /build/glibc-OTsEL5/glibc-2.27/string/../sysdeps/x86_64/multiarch/strrchr-avx2.S
fn=(312) __strrchr_avx2
43 1 0 0 1 0 0 1
+1 1
+2 1
+1 1
+3 1
+1 1
+1 1
+33 1 0 0 1 0 0 1
+1 1
+1 1 1 0 0 1
+1 1
+1 1 0 0 1 0 0 1
+1 1
+1 1
+1 1
+1 1
+1 1
+3 1
+1 1
+9 1
+1 1
+99 1 0 0 1 0 0 1
+1 1
+8 1
+1 1
+1 1
+1 1
+1 1
+2 1
+1 1
+1 1
+1 1
+1 1 1

fl=(123)
fn=(466)
29 3 0 0 3 0 0 1
+1 3
+2 3
+1 3
+1 3 0 0 3 0 0 1
+2 1 1
+1 1 1
+1 1
+1 1
+1 1 1
+1 1
+1 1
+1 1
+3 2
+1 2
+1 2 2
+1 2
+1 2
+1 2
+1 2
+6 2 0 0 2 0 0 1
+1 2 0 2 0 0 1
+1 2 2
+32 2 0 0 1 0 0 1
+1 2 2
+1 2 0 2
+1 2
+1 2 2
+1 2 0 2
+1 2
+1 2 2
+1 2 0 2
+1 2
+1 2 2
+1 2 0 2
+1 2
+1 2
+1 2
+1 2
-6 1 0 0 1 0 0 1
+1 1 1
+1 1 0 1 0 0 1
+1 1
+1 1
+1 1
+1 1
+2 1
+1 1 0 1
+1 1
+1 1 0 1
+1 1
+1 1 0 1
+1 1 1

fl=(99)
fn=(420) _IO_setb
347 3 0 1 1 0 0 1
+1 4 2 0 0 2
+3 1 0 1
+2 4 0 0 1 0 0 1
-3 1 0 1
+3 2 0 1
+3 3 2

fn=(560)
479 2 0 2 1 0 0 1
fi=(139)
870 1
fe=(99)
479 3 0 2
fi=(139)
870 1
fe=(99)
479 3 0 0 1 0 0 1
+1 1 1
fi=(139)
870 1
+2 2
+1 2
fe=(99)
480 2 1 1
cfi=(98)
cfn=(562)
calls=1 807 
* 17 7 3 3 0 0 3
* 3 1
+2 2 1
+7 1
-7 1
+10 2 0 2 1 0 0 1
+2 1
-2 1 0 1
+1 3 0 3
+2 6 5
-11 1 0 0 1 0 0 1
348 1
485 1
-1 1 0 1
+1 1
348 3
+7 1
-5 1 0 1 1 0 0 1
+1 1 0 1
+4 2 0 1

fn=(368)
362 2 1 0 1 0 0 1
-1 3 0 3
+3 4 1
+4 4 4
-3 1 1 0 1 0 0 1
fi=(139)
870 3
+2 2
+1 2
fe=(99)
365 2 1 1 0 1
cfi=(100) /build/glibc-OTsEL5/glibc-2.27/libio/filedoalloc.c
cfn=(370) _IO_file_doallocate
calls=1 78 
* 63431 15121 638 300 2937 150 112 896 57
* 2 0 0 1

fn=(424)
392 2 0 0 1 0 0 1
-3 5 0 4
fi=(139)
870 1
fe=(99)
389 1 0 1
fi=(139)
870 1 0 0 1 0 0 1
fe=(99)
389 5 0 1
fi=(139)
870 2
fe=(99)
407 2
+8 1
+2 2
-20 4 2 0 1 0 0 1
+2 3
+3 2
+20 1
-29 1
+29 7 7 0 0 1
-15 1 0 0 1 0 0 1
+5 3 1 1 0 1 1
-1 2 0 0 1 0 0 1
+1 30 10 10
-1 20
+2 4 0 1

fn=(546) _IO_flush_all_lockp
749 11 1 7 2 1 0 2
+5 4 1 1 0 1 1
+1 11 4 2 2 3 0 2 1
+3 1 1 0 0 1
-8 1
+5 1
+3 1
-3 1 0 1
+3 1
fi=(139)
870 2
fe=(99)
762 1 1 0 1 1 0 1
fi=(139)
870 2
fe=(99)
769 1 1
fi=(139)
872 2
+1 2
fe=(99)
769 3 1 1 0 1 1
cfi=(98)
cfn=(366)
calls=1 -22 
* 130 33 21 12 9 2 8
+1 3 0 0 1
+2 6 0 0 1 0 0 1
-14 3 3 0 0 3 0 0 1
+16 3 0 3
-16 6
+3 3 0 0 1 0 0 1
-1 3 0 3 2 0 0 1
+1 3
+3 21 10 0 3 6 0 2 2
+14 9 1 3
+1 3 1 0 1 0 0 1
+4 12 9 0 1 2
-29 4 0 2 1 0 0 1

fn=(544)
918 2 0 2 1 0 0 1
+3 1
-3 8 1 5 0 1 2
+3 1 0 1 1 0 0 1
cfn=(546)
calls=1 749 
* 254 67 44 28 28 4 20 4
-72 1 1 0 0 1
+72 1 0 1
-72 2
+1 11 4 2 2 3 0 2
+3 1 1 0 0 1
-3 1
+3 1
-3 1 0 1
+3 1
fi=(139)
+17 2 0 0 1 0 0 1
fe=(99)
-7 1 1 0 0 1
fi=(139)
+7 2
fe=(99)
+23 3 0 3 1
-40 9 3 0 0 2
+2 9 3 0 0 1
+2 6 2 0 0 2
+6 12 3 1 1 2 1 1
+8 2 1 0 1 0 0 1
+9 1 1
fi=(139)
-8 2
+1 2
fe=(99)
+7 4 1 1 0 1 1
cfi=(98)
cfn=(558)
calls=1 389 
* 83 19 26 10 0 0 9
+2 3 1 0 1
+4 5 1 0 1 0 0 1
+1 9 2 3 1 2 1 1
+10 9 1 3 1 1 0 1
+1 2 0 0 1 0 0 1
+35 12 10 0 0 4
-62 3 1 0 1 0 0 1
+2 2 0 1
+2 1 1
+1 1 0 1
-1 1 0 1
+2 3 1 1
-28 4 0 2 1 0 1 1
+14 4 1 2 1 0 0 1

fl=(114)
fn=(436)
26 1 0 0 1 0 0 1
+1 3 0 1 0 0 1
cfi=(115)
cfn=(438)
calls=1 +79 
* 86 16 9 11 8 1 11 2 1
+1 2 1 0 1

fl=(105)
fn=(384)
126 9 0 6 2 0 1 2
+2 1
-2 1
+5 1 1 0 0 1
-5 1 0 1 0 0 1
+5 2 1 1 0 1
cob=(1)
cfi=(2) /build/glibc-OTsEL5/glibc-2.27/elf/rtld.c
cfn=(52) rtld_lock_default_lock_recursive
calls=1 784 
* 2 1 1 1 0 1
+2 2 0 1
cob=(1)
cfi=(106)
cfn=(392)
calls=1 -62 
* 1117 350 136 85 131 33 14 3 12
* 5 3 2 2 2 0 1
+2 3 0 0 1
30 1 1
+1 1 1 0 1 0 0 1
-1 1 0 1 0 0 1
+1 1 0 1
+3 2 1 0 0 1
+5 1 1 0 0 1
+6 1 1 0 0 1
-7 1 1 0 0 1
+2 3 2 1 0 1 1
+2 3 2 1 0 1 1
+3 1 0 0 1 0 0 1
+5 7 2 0 0 1
-6 2
+6 4043
+2 1010 1010 0 0 308 0 0 15
+1 2020
-1 1 1 0 1 1 0 1
+1 2
+2 3664 916 0 0 188
+9 2052 656 0 0 134 0 0 77
+7 28
-2 28
+2 2353 28 0 0 5 0 0 1
-2 2297
+2 6003 2297 0 0 549 0 0 82
-10 11625 2325 0 1 750 0 1 447
+2 9300 2325
+1 14806 4644 0 1 658 0 1 264
+36 2
+1 1 0 1 0 0 1
+1 3 1 0 1 1 0 1
+3 2
+36 2 1 1 0 1
cob=(1)
cfi=(2)
cfn=(54) rtld_lock_default_unlock_recursive
calls=1 790 
* 2 1 1 1 0 1
+3 9 7 0 0 1
-27 1 0 1 1 0 1 1
+1 1 0 1
+20 2

fl=(83)
fn=(308)
31 2 0 0 1 0 0 1
-1 3 0 2
+1 4 1 0 1 1 0 1
+2 3 0 1
cfi=(84)
cfn=(312)
calls=1 +10 
* 33 2 0 4 1 0 4
* 1 1 0 1 1 0 1
+4 5 1 1 0 1 1
+1 3 2 1
+2 4 3

fl=(60) /build/glibc-OTsEL5/glibc-2.27/string/../sysdeps/x86_64/multiarch/ifunc-avx2.h
fn=(204) rindex
32 1 1
-2 1
+2 2 1 0 1 1 0 1
-2 3
fi=(156) /build/glibc-OTsEL5/glibc-2.27/string/../sysdeps/x86_64/multiarch/strrchr.c
-2 1 1
fe=(60)

fn=(252) memrchr
32 1 1 0 1 0 0 1
-2 1
+2 2 1 0 0 1
-2 3
fi=(157) /build/glibc-OTsEL5/glibc-2.27/string/../sysdeps/x86_64/multiarch/memrchr.c
-1 1 1
fe=(60)

fn=(268) strchrnul
32 1 1 0 1
-2 1
+2 2 1 0 1 1 0 1
-2 3
fi=(158) /build/glibc-OTsEL5/glibc-2.27/string/../sysdeps/x86_64/multiarch/strchrnul.c
+1 1 1
fe=(60)

fn=(258) memchr
32 1 1 0 1 0 0 1
-2 1
+2 2 1 0 0 1
-2 3 0 0 1
fi=(159) /build/glibc-OTsEL5/glibc-2.27/string/../sysdeps/x86_64/multiarch/memchr.c
-1 1 1
fe=(60)

fn=(250) strlen
32 1 1 0 1 1 0 1
-2 1
+2 2 1 0 1 1
-2 3
fi=(160) /build/glibc-OTsEL5/glibc-2.27/string/../sysdeps/x86_64/multiarch/strlen.c
-1 1 1
fe=(60)

fn=(212) rawmemchr
32 1 1 0 1 0 0 1
-2 1
+2 2 1 0 0 1
-2 3
fi=(161) /build/glibc-OTsEL5/glibc-2.27/string/../sysdeps/x86_64/multiarch/rawmemchr.c
+1 1 1
fe=(60)

fn=(230) strnlen
32 2 2 0 2 0 0 1
-2 2
+2 4 2 0 0 2
-2 6 0 0 2 0 0 1
fi=(162) /build/glibc-OTsEL5/glibc-2.27/string/../sysdeps/x86_64/multiarch/strnlen.c
+1 2 2
fe=(60)

fl=(89)
fn=(328)
137 8 0 5 2 0 0 2
+4 1 1 0 0 1
-4 2 0 2
+4 2
+98 1
-98 1 0 1 0 0 1
+98 1
+1 4 0 1 0 0 1
cfi=(90)
cfn=(330)
calls=1 65 
* 65 15 17 9 7 3 9 1 1
+22 4 2 0 1 2 0 1
+3 2
+1 5 4 1 0 1
cob=(5)
cfi=(88)
cfn=(334)
calls=1 0 
* 57 13 10 7 2 0 6
+4 4 2 0 0 1
+15 2 0 0 1 0 0 1
+12 2 0 1
cfi=(91)
cfn=(346)
calls=1 30 
* 29 6 10 4 1 0 4
+1 2 0 0 1
+5 2 1 1 0 1
+1 2 1 1 0 1 1
+3 2 0 1
+3 6 5 1 1 0 0 1
cob=(5)
cfi=(94)
cfn=(352)
calls=1 10 
* 76378 17947 2546 953 3262 278 360 920 64
+34 2 0 1 1
cfi=(134)
cfn=(496)
calls=1 139 
* 1334 352 232 134 126 42 92 7

fl=(102)
fn=(494)
3086 11 1 7 1 1 2 1
+5 2 2 0 0 2
+1 2 0 0 1 0 0 1
+6 2
+5 1 1 0 0 1
-2 1
+2 2
+18 3 2 0 0 2
+2 3 0 0 1 0 0 1
4149 2
+6 4
+1 2
+4 4
+9 3 1 0 1 0 0 1
-2 2
+3 2 1 0 0 1
+1 4 2 0 0 1
3125 11 9 0 2 3 0 2
2929 3 0 0 1 0 0 1
+3 1 0 0 1 0 0 1
-2 2 1 1 0 1
+1 1 0 1
+1 2 0 1

fn=(408)
2986 1 1 0 1 0 0 1
-9 1 0 1
+9 9 2 1 1 2 1 1
+1 3 0 1
cfn=(410)
calls=1 3521 
* 389 74 60 52 27 11 45 2 2
+1 1 0 0 1
-1 1
+1 1 0 0 1 0 0 1
+8 4 1 1 0 1 1
+7 2
+2 1 1
+1 2
-1 1 0 1 1 0 1 1
+1 78 0 73 0 0 9 0 0 8
+3 2 2 0 0 1

fn=(412) sysmalloc
2274 8 0 6 1 0 1 1
+20 1 1 0 0 1
+11 1
-11 1 1 0 0 1
+11 1 0 0 1 0 0 1
+1 4 1 0 0 1 0 0 1
fi=(104)
535 1
fe=(102)
2321 2
fi=(104)
535 1
fe=(102)
2321 2 0 1 0 0 1
+66 1 1
+1 3 1
+10 1
-9 1 0 0 1 0 0 1
+9 3
+6 4 0 1 1 0 0 1
+3 3
2724 2 1 0 1 0 0 1
+1 1 0 1
+5 2 1
+3 2 1 0 1 0 0 1
+5 1
-3 1
+3 1
-2 1
+2 3
+1 1
-1 1
-1 1 0 1
+4 1
-3 2 0 1
+1 1 0 1 0 0 1 0 0 1
+2 1 0 0 1 0 0 1
+6 9 7 0 1 2 0 1
2460 3 1 0 1 0 0 1
+19 2
-11 1 1 0 0 1
+11 1 0 1
-11 1 0 0 1 0 0 1
+21 4 2 2 0 2
cfi=(109)
cfn=(414)
calls=1 46 
* 61 12 8 7 2 1 6
* 1 0 0 1
+1 1
+3 3 1
+3 4 2 0 1 1 0 1
+1 2
+46 2 1
+2 2 1 0 0 1
+6 1
-6 1 0 1
+6 1
-82 1 0 0 1 0 0 1
+10 2
+8 1
-8 1 0 1
+8 1
+67 4 1 0 2 0 0 2
+34 2
+6 3
+22 2 0 0 1 0 0 1
+1 5 1
+2 1
-2 1
+2 1
+1 4 2 2
cfi=(109)
cfn=(414)
calls=1 46 
* 25 8 4 4 1
+12 3 1 0 1 0 0 1
+48 1
+1 1
-2 1 0 1 0 0 1
+1 2
+12 1 0 0 1 0 0 1
-12 1 0 1 0 0 1 0 0 1
+1 1 0 1
+11 1
2544 2 0 1 1 0 0 1
-3 3 0 0 1 0 0 1
+99 2 2 0 1 1 0 1
+1 4 1 0 0 1

fn=(410)
3521 24 0 24 4 0 4 1
+32 4
-32 4
+32 30 0 0 4 0 0 1
+4 24 0 4 0 0 4
+24 8 4 0 0 4
+2 6
+3 2 2 0 0 2
+2 4 0 0 2 0 0 1
4131 38 28 0 5 7 0 1
3553 4
+86 5 0 0 2 0 0 1
+62 34 0 11 2 0 1 2
+1 3 1 0 1 1
+20 4 4 0 3 4 0 1
-1 8
+1 4 4 0 0 4
-1 4
+1 8
-2 15 3 3
+6 9 0 6 2
+66 3 3
-40 6
3879 3 3
3731 3
+1 3
+20 6 0 6
+40 6 3 3 0 3
-60 6 0 0 3
-12 1
+6 3 0 2 1 0 0 1
+66 1 1 0 0 1
-40 2
3879 1 1
3731 1
+1 1
+20 2 0 2
+40 2 1 1 0 1 1
-60 2 0 0 1 0 0 1
-90 9 0 0 3 0 0 1
+2 3 3 0 0 3
-2 3
+2 6
+59 60 0 15 5 0 5 2
-62 39 0 15 3 0 0 1
3904 8 0 0 4 0 0 1
+2 4 1 0 0 1
+3 1 1 0 0 1
-3 1
+3 2
+68 8 4 0 4 0 0 1
+1 8
+1 8
+1 8 4 0 0 4
+1 8
+5 8
3720 2 0 1 1 0 0 1
3893 8 0 0 4 0 0 1
+97 12 0 0 4 0 0 1
+3 12 3
-3 9
+3 12 3
-3 6 0 0 3 0 0 1
+3 6 2
+97 4 4 0 1 4
+3 4
-2 8 4 0 0 1
+2 9 0 1
+17 3 1 0 0 1
1887 3 3 0 3 2 0 1
4103 3
1887 6 0 0 2 0 0 1
4125 3 0 1 1 0 1 1
cfn=(412)
calls=1 2274 
* 237 52 35 32 15 6 26 1 2
+1 1 0 0 1
-1 1
+1 1
1887 3 1 0 1 1 0 1 1
4095 3 0 0 3 0 0 1
+3 6
-3 3
+1 3
+2 9 0 0 3 0 0 1
+2 3
-2 6
-1 3 0 3
+1 6 0 3
+2 6 0 3 0 0 2 0 0 2

fn=(378)
3028 9 0 6 3 0 0 1
+5 6 6 0 0 6
+1 6 0 0 3 0 0 1
+5 18
+3 2 2 0 0 1
-2 6 0 0 1 0 0 1
+2 6 2 0 0 2
+3 4 2 0 0 2
+10 8 2 0 0 2
+2 6 0 2
cfn=(410)
calls=2 3521 
* 336 48 52 39 22 9 1 0 1
+1 2 0 0 2
-1 2 0 0 2 0 0 1
+1 12 2
-11 2 0 0 2 0 0 1
+1 6 2 0 1 2 0 1
+33 10 6 0 0 2
-46 1 1 0 1 0 0 1
+46 3 2
-46 1
cfi=(103)
cfn=(380)
calls=1 29 
* 63335 15097 625 286 2927 148 99 896 57

fl=(63)
fn=(210)
25 25 5 5 8 4 0 2
+1 10 10 0 0 6
+4 10
+18 30 15 0 4 0 0 1
-21 5 0 0 4 0 0 1
+20 5

fl=(113)
fn=(430)
204 8 0 0 5 0 0 1
+1 8
+1 8
+13 8 0 0 5 0 0 1
+1 8
+44 8 0 0 5 0 0 1
+1 8
+2 7
+1 7
+1 7
+1 7
+1 5
+1 5
+1 4
+1 4 4
+1 4 0 4 0 0 2
+2 4 4
+14 1 1 0 1
+1 1 1
+1 1 0 1 0 0 1 0 0 1
+1 1 0 1
+1 1 1 0 0 1
+11 2 2 0 1 1
+1 2 2
+1 2 0 2 0 0 2
+1 2 0 2
+1 2 2 0 0 1
+3 1 1 0 1 0 0 1
+1 1 1
+1 1 0 1 0 0 1
+1 1 0 1 1 0 0 1
+1 1 1 0 0 1

fl=(85)
fn=(314)
31 5 5 0 2 4 0 2
+2 1 1
+2 1 1
-4 1
+4 1
-4 1 0 1 0 0 1
+2 3 1 1 0 1
+2 2 1 1
+1 1 1

fl=(110)
fn=(416)
32 2 0 2 2 0 0 1
+8 2 2 0 0 1
-8 6 0 4 0 0 1
+8 9 3 0 0 2
+1 2 0 1 1 0 0 1
cfi=(111) /build/glibc-OTsEL5/glibc-2.27/misc/../sysdeps/unix/sysv/linux/x86_64/brk.c
cfn=(418) brk
calls=1 -10 
* 12 2 1 2 0 0 2
* 3 1
+3 4
+4 6
+12 5 4 0 1
-4 2 0 1 1 0 0 1
cfi=(111)
cfn=(418)
calls=1 -25 
* 12 2 1
* 2
+4 5 4

fl=(141)
fn=(564)
27 2 1 0 1 1 0 1
+4 1
+2 2

fl=(138)
fn=(514)
28 8 0 4 1 0 2 1
+8 2 2 0 0 2 0 0 1
-8 6 2 2 0 2
+11 4
+82 12 10 0 2 0 0 1

fl=(77)
fn=(274) gettimeofday
42 4 0 0 2 0 0 1
fi=(62)
+2 2
+1 2
fe=(77)
-3 6 0 4 2 0 1 1
fi=(62)
+1 2
+5 6
+14 8
-17 6 2 0 0 2
+3 18
+14 24
-17 18 6
+22 2
fe=(77)
-25 12 0 4 2 0 0 1
cfi=(63)
cfn=(210)
calls=2 -17 
* 34 12 2 8 5
* 10 2

fn=(454)
29 8 0 0 2
+1 2 2 0 1

fl=(111)
fn=(418)
31 16 2 2 2 0 0 2
+8 2
-6 4
+7 2 2

fl=(122)
fn=(464)
37 2 0 0 2 0 0 1
-2 2
+2 4 0 2
+1 2 0 0 2 0 0 1
+9 4
+9 2
-18 6
+18 2
-18 2 0 2 0 0 2
+9 2 0 2
+9 2
+4 2
+43 2 0 0 1 0 0 1
+4 1
-4 1 0 1
+4 1 1
-36 1 0 0 1
+10 1
-10 1
+1 1
+9 1
-2 2 0 1
+2 1 0 1
+26 2 1

fl=(100)
fn=(370)
78 8 1 4 1 1 1 1
+6 4 2
fi=(139)
870 3 0 0 1 0 0 1
+2 2
+1 2
fe=(100)
84 3 1 1 0 0 1
cfi=(98)
cfn=(372)
calls=1 1169 
* 14 2 0 3 0 0 3
* 2
+2 4 1
+11 4 1 0 1 1 0 1
+4 2 0 1
cob=(2)
cfi=(18)
cfn=(376) 0x0000000004c4d2c0
calls=1 0 
* 63348 15103 627 290 2930 148 103 896 57
* 1 0 0 1
+2 1
-1 2
+2 4 0 1
cfi=(99)
cfn=(420)
calls=1 347 
* 18 4 4 2 2 0 2
+1 1
+1 8 6 0 1 3 0 1

fl=(125)
fn=(470)
32 10 0 10 10 0 0 1
+3 10
+1 10 10 0 0 1 0 0 1
+1 10
+1 10
+1 10
+2 10
+1 10
+2 10
+1 10
+1 9
+1 9
+1 7
+2 6
+1 6
+1 4 0 4
+1 4
+1 2
+1 2
+1 2
+1 2
+1 2 0 0 2
+1 2
+1 2 2
+1 2
+1 2
+2 1 0 0 1
+1 1
+1 1
+1 1
+1 1
+1 1
+1 1
+2 1 0 0 1
+1 1
+1 1
+1 1
+1 1
+1 1
+2 2 0 0 2 0 0 1
+1 2 0 0 2 0 0 1
+1 2
+1 2
+1 2
+1 2
+1 2 2 0 0 1 0 0 1
+1 2
+1 2
+3 11 0 11 2 0 2
+1 11
+1 11 11 0 0 1
+1 11
+1 11
+1 11
+1 11 0 11
+1 11
+1 11
+1 11 11 0 0 1
+1 11
+1 11 0 11
+1 11
+1 11
+1 11 11
+1 11
+1 11 0 11
+1 11
+1 11
+1 11
+1 11 11 0 0 3 0 0 1
+1 11
+1 11
+1 11
+1 11
+1 11
-20 2 0 0 2
+1 2 0 2 0 0 2
+1 2
+1 2 0 0 2
+1 2 2
+1 2
+1 2 0 2
+1 2
+1 2
+1 2 2
+1 2
+1 2 0 2
+1 2
+1 2
+1 2
+1 2 2
+1 2
+1 2
+1 2
+1 2
+1 2 0 0 1
-16 1 1 0 1
+1 1
+1 1 0 1 0 0 1
+1 1
+1 1
+1 1 1
+1 1
+1 1 0 1
+1 1
+1 1
+1 1
+1 1 1
+1 1
+1 1
+1 1
+1 1
+1 1 0 0 1
-11 1 1 0 1
+1 1
+1 1 0 1 0 0 1
+1 1
+1 1
+1 1
+1 1 1
+1 1
+1 1
+1 1
+1 1
+1 1 0 0 1
-2 2 0 0 2 0 0 1
+1 2
+1 2 0 0 2 0 0 1
+2 6 0 6 0 0 1
+1 6
+1 6
+1 6 0 6
+1 6
+1 6
+2 6 6
+3 6 6
-5 4 0 0 4
+2 4 4
+3 4 4

ob=(1)
fl=(15) /build/glibc-OTsEL5/glibc-2.27/elf/dl-environ.c
fn=(34) _dl_next_ld_env_entry
29 3 3 0 1 2 0 1
+3 10 3 0 0 2
+13 64
-13 192 64 0 0 10
+2 132 66 0 1 31 0 1
+1 40 20 0 0 1
+5 2
-3 2
+3 2 0 2 0 0 1
+2 2 2 0 0 1
+7 1 1

fl=(16) /build/glibc-OTsEL5/glibc-2.27/string/../sysdeps/x86_64/memcmp.S
fn=(36) bcmp
24 2 0 0 1 0 0 1
+1 2
+1 2
+1 2
+1 2
+1 2
+1 2
+1 2
+3 2
+1 2
+1 1 1
+1 1 1 0 1 1 0 0 1
+1 1
+1 1
+1 1
+1 1
+1 1
+2 2 0 0 1 0 0 1
+1 2
+1 1 1
+1 1 1
+1 1
+1 1
+1 1
+1 1
+1 1
+2 2
+1 2
+1 2 2 0 1 1 0 1
+1 2 2 0 0 1 0 0 1
+1 2
+1 2
+1 1
+1 1
+1 1
+2 1
+1 1
+1 1 1
+1 1 1
+1 1
+1 1
+29 2 0 0 1 0 0 1
+1 2
+15 2 0 0 2 0 0 1
+1 2 2 0 0 1

fl=(52) /build/glibc-OTsEL5/glibc-2.27/elf/dl-sort-maps.c
fn=(164) _dl_sort_maps
28 16 0 12 2 0 2 2
+2 2
-2 2 0 2
+2 2
+92 10 0 4 0 0 2
-88 10 0 4 2 0 0 2
+1 4
-1 2
-1 2
+1 8 0 2
+1 2 0 2
cfi=(28) /build/glibc-OTsEL5/glibc-2.27/string/../sysdeps/x86_64/multiarch/memset-vec-unaligned-erms.S
cfn=(76) memset
calls=2 +74 
* 30 2 4 4
* 32 2 10 2 0 2 2
+4 4 2
+3 2 2
-3 4 0 4 2 0 0 2
+1 6 4
+2 2
-7 4
+4 8 4
+3 4 4
-3 8 0 8
+1 12 8
+2 4
+12 36 22 0 0 1
+2 12 8 0 2 2 0 2
+1 8
-1 6 4 0 0 2
+1 6
+2 18 6 0 0 2
+1 12
+58 24 4 4 0 0 2
cfi=(28)
cfn=(76)
calls=4 -9 
* 64 4 8 2
* 16 4
-28 24 6 0 2 0 0 2
-36 12 0 0 2 0 0 2
+61 28 10
-25 9 3 0 2 1 0 1
-44 12 6 0 2 4 0 2
+69 2 0 0 1
+7 16 14 0 0 1

fl=(12) /build/glibc-OTsEL5/glibc-2.27/elf/../sysdeps/unix/sysv/linux/x86_64/brk.c
fn=(22) brk
31 7 0 1 1 0 1 1 0 1
+8 1
-6 2
+7 1 1

fl=(33) /build/glibc-OTsEL5/glibc-2.27/string/../sysdeps/x86_64/strcspn.S
fn=(100) strcspn
30 1 0 0 1 0 0 1
+7 1
+1 1
+2 1
+1 1
+1 1
+1 1
+1 33 0 32 0 0 4 0 0 4
+3 2
+7 1 1 0 0 1
+1 1
+1 1
+1 1 0 1 0 0 1
+2 1 1 0 0 1
+1 1
+1 1 0 0 1 0 0 1
+1 1 0 1
+2 1 1
+1 1
+1 1
+9 3
+12 1
+2 1 1
+1 1 1 0 0 1
+1 1
-4 11
+2 11 11
+1 11 11
+1 11
+2 12 12
+1 12 12 0 1
+1 12
+2 12 12 0 0 1 0 0 1
+1 12 12
+1 12
+2 12 12
+1 12 12
+1 12
+2 1
+1 1
+1 1
+2 1
+7 1
+4 1 1

fl=(1) ???
fn=(0) 0x0000000000001090
0 2 0 1 1 0 1 1 0 1
cfi=(2)
cfn=(2) _dl_start
calls=1 444 
0 127482 31538 10433 5632 9590 2539 683 1169 513
0 14 3 2 2
cfi=(78) /build/glibc-OTsEL5/glibc-2.27/elf/dl-init.c
cfn=(290) _dl_init
calls=1 79 
0 2179 279 138 86 74 20 60 6 6
0 3 0 0 1
cob=(5)
cfi=(88)
cfn=(326)
calls=1 0 
0 77929 18351 2834 1115 3406 326 477 928 65

fl=(53) /build/glibc-OTsEL5/glibc-2.27/elf/dl-version.c
fn=(170) _dl_check_all_versions
362 5 0 4 1 0 1 1
+2 1
-2 3
+4 3
+2 24 4 4 3 4 0 1
cfn=(172) _dl_check_map_versions
calls=4 156 
* 2527 747 255 145 173 40 24 29 16
-2 4 4 0 1 4
+2 16
-2 8
+5 7 5 0 0 1

fn=(172)
156 28 0 24 3 0 0 1
+15 12 4 0 0 4
+2 20 4 12 3 3 4 1
+2 4 4 0 0 4
+1 4 4
+2 4
-3 4 0 4
+1 4 0 4
+2 4
+3 6 4 0 0 4
-16 2 0 2
-8 4 0 2 2 0 0 1
+28 2 2 0 0 2 0 0 2
-4 2 0 2
+4 4
+16 2 2
37 4 2
201 2 2
37 10 2 0 0 1
+1 5 5 0 0 2
-1 10
+2 21 0 7 2 0 4 1
cfi=(36) /build/glibc-OTsEL5/glibc-2.27/elf/dl-misc.c
cfn=(116) _dl_name_match_p
calls=7 282 
* 638 155 29 52 32 3
* 14
209 6 2 0 0 2
+5 2 2 0 0 2
-71 6 2 4 2 0 0 1
+71 4 2 0 0 1 0 0 1
-71 6 0 2
+79 2 2
-2 2 2 0 0 1 0 0 1
-2 4 4
+4 2 0 2
-4 14 10 2 2 4 0 1
+4 2 2
-2 2 2
-2 4 4
+4 2 0 2 0 0 2
-4 24 14 2 0 8
57 6 4 2 0 4
+8 6 2 0 1 0 0 1
-8 6 4 2 0 3
+8 6 2 0 1 2
+6 12 4 0 0 4
+16 4 4 0 0 4
+1 8
+2 4 4 0 0 2
+5 24 4 4 0 2 0 0 2
+14 36 18 0 2 1 0 1 1
+12 42 14 0 0 5 0 0 4
+4 14
-30 28 14 0 0 1 0 0 1
225 16 4 0 4 2 0 1
+3 12 4
+5 2
-11 2
111 4 4 0 2 0 0 1
+3 16 12 4 0 0 2
cfi=(21) /build/glibc-OTsEL5/glibc-2.27/string/../sysdeps/x86_64/strcmp.S
cfn=(56) strcmp
calls=4 +30 
* 202 31 0 20 11 0 5 6
* 20 2 2 5 0 0 1
237 8 4
+14 6 2 0 2 2 0 1
+3 8 8 0 1 3
+3 12 2 2 0 2
+3 8 2 0 0 1
+4 2 0 0 1
-7 8 2
+3 6 2 0 0 1
+4 30
-7 120 30 0 0 10 0 0 8
+3 92 30 2 0 6 1 0 3
+8 9 3 0 1 0 0 1
+89 36 32 0 3 6
-83 12 0 3 4 0 2 2
cfi=(19) /build/glibc-OTsEL5/glibc-2.27/elf/dl-minimal.c
cfn=(42) calloc
calls=3 92 
* 81 12 9 19 3
* 3 3 0 3 3
+1 3 0 0 3
-2 3 0 3 0 0 3
+2 3
+13 3 3 0 0 3
+2 3 3 0 0 1
-5 3 0 3
+3 3 3 0 0 2
+2 3
-2 3 0 3 0 0 2
+2 3
+3 8 6 0 2 3 0 1
+4 6 2 0 0 2
+18 2
-15 6 2
+2 6
-2 6 2
+2 6
+2 4
+1 4
-1 8 4
+1 4
-1 4 0 0 2 0 0 1
+1 4 0 4 0 0 2 0 0 2
+1 4 4
-2 4 0 4
+2 8 0 4
+1 12 4 4 0 1
+3 12 4
+8 6 2
+10 9 3
+3 8 6 0 1 2 0 1
+4 32 32 0 0 3
+6 32 32
+1 32 32
+1 32 32 0 0 3
-1 96
+1 32
-1 32 0 32 0 0 10 0 0 9
+1 32 0 32
+1 32 0 32 0 0 5 0 0 5
+3 96 32
+4 32
-14 68 34 0 1 4
+10 6 2 0 0 1
-96 2 2 0 1 0 0 1
-86 2 0 2
-8 2 0 2
+94 3

fl=(28)
fn=(76)
109 65 0 0 6 0 0 1
+2 13
+1 13
+1 6 0 0 3 0 0 1
+1 6
+2 4 0 4 0 0 2 0 0 2
+1 4 0 4
+2 4 4
+55 2
+1 2
+10 2
+1 2 0 2 0 0 2 0 0 2
+1 2
+1 2 0 2 0 0 2 0 0 2
+1 2 0 2 2 0 0 1
+1 2 0 2
+1 2 0 2 0 0 1 0 0 1
+1 2 0 2
+1 2 0 2
+1 2 0 2
+1 2
+1 2
+1 2
+1 2
+2 31 0 31 0 0 29 0 0 28
+1 31 0 31
+1 31 0 31
+1 31 0 31
+1 31 0 0 2
+1 31
+1 31
+1 2 2 0 0 1
+15 7 0 0 5 0 0 1
+1 7
+1 7
+1 6
+1 6
+1 2
+1 2
+24 1 0 1 0 0 1 0 0 1
+1 1 0 1
+2 1 1
+3 4 0 4
+1 4 0 4
+2 4 4
+3 2 0 2
+1 2 0 2
+2 2 2

fl=(42) /build/glibc-OTsEL5/glibc-2.27/misc/../sysdeps/unix/sysv/linux/mmap64.c
fn=(132) mmap
44 14 0 0 6 0 0 1
+3 7
-6 84 0 42 0 0 4 0 0 2
+6 7
+5 70 0 0 1
+2 49 49
-7 12 2 0 6 2 0 2

fl=(35) /build/glibc-OTsEL5/glibc-2.27/setjmp/../sysdeps/x86_64/setjmp.S
fn=(110) __sigsetjmp
26 3 0 3 3 0 1 1 0 1
+9 3
+1 6 3 0 0 3
+1 3 0 3
+4 3 0 3 0 0 1
+1 3 0 3
+1 3 0 3
+1 3 0 3
+1 3
+2 6 3 0 3 1 0 1
+2 3 0 3 0 0 1
+1 3 3
+1 3
+2 6 3 0 0 1
+2 3 0 3 0 0 1
+4 3
+1 3 3

fl=(17) /build/glibc-OTsEL5/glibc-2.27/elf/dl-object.c
fn=(38) _dl_new_object
59 36 0 21 3 0 3 1 0 2
+1 3
-1 3 0 3
+1 6 0 6 3 0 2 1 0 2
cfi=(13) /build/glibc-OTsEL5/glibc-2.27/string/../sysdeps/x86_64/multiarch/../strlen.S
cfn=(28) strlen
calls=3 +19 
* 66 9 0 7 5 0 0 1
+6 3 3 0 0 3
-6 6
+6 3
+7 3
-7 3
-6 3 0 3
+6 9
+2 6
+5 9 0 6 3 0 0 1
cfi=(19)
cfn=(42)
calls=3 +19 
* 147 23 20 21 5 2 8
* 3 3 0 3 3 0 1
+3 3 0 0 1
-3 3
+3 3
+4 3 3
+5 3 3
-6 3 0 3 0 0 3 0 0 2
+6 3 3
-5 3
+5 3
-5 3 0 3 0 0 3 0 0 3
+4 3
+1 6 0 3 0 0 1
-1 3 0 3 3 0 1 1 0 1
+1 3 0 3
cfi=(20) /build/glibc-OTsEL5/glibc-2.27/string/../sysdeps/x86_64/multiarch/memmove-vec-unaligned-erms.S
cfn=(48) memcpy
calls=3 +44 
* 41 10 7 7 4 4 1 0 4
+10 3 3 0 0 1
-10 3 3
+10 3 3 0 0 2
-10 3 0 3 0 0 2 0 0 2
+10 3
-8 3 0 3
+8 6
+1 3
-1 3 0 3 0 0 2 0 0 1
+1 9 3 0 0 3 0 0 3
+3 3 3 0 3 1 0 1
-3 3 0 3
+3 3
+9 3
-7 3 0 3 0 0 2 0 0 1
+4 3 0 3
+3 8
+2 2 0 1 1 0 1 1 0 1
-2 2
+2 30 0 15 0 0 3 0 0 3
-2 30
+18 6 0 0 2
-6 3
+1 3 0 3 0 0 3 0 0 3
+5 3
-6 3 0 3 0 0 1 0 0 1
+6 9 3 0 3 3 0 1
+2 2
+3 2
-3 4 0 2 0 0 1 0 0 1
+3 2
+4 6 2 0 0 2
+4 5
+8 1 0 1 1 0 0 1
+3 1
+3 2 0 1
-3 1 0 1
+3 1
-3 2 0 0 2
+3 4 0 2 0 0 1
-3 2 0 2
+3 2
+2 2 2
+21 2
-21 2 0 2 0 0 1
cfi=(13)
cfn=(28)
calls=2 -76 
* 68 10 0 5 3
+4 2 2
-4 4 0 2
+17 2
-13 6 0 0 2 0 0 1
+64 2 0 2 2
+4 27 21 0 1 2 0 1
100 8 2 3 3 0 3 1 0 3
+39 6
+70 6 2 2 2
cfi=(20)
cfn=(74) mempcpy
calls=2 -93 
* 32 8 6 4 2
* 42
+6 40 40
-1 40
+1 42 2
-1 2
+1 6
+5 4 0 2
-96 1 0 0 1 0 0 1
+7 4 0 0 1 0 0 1
+32 4 0 2 2
cfi=(19)
cfn=(46) malloc
calls=2 50 
* 36 6 6 7 1
* 2 2 0 2 1
+1 2
-1 4
+1 2

fn=(50) _dl_add_to_namespace_list
31 6 0 6 3 0 0 1
+2 3
-2 9 0 3
+2 6 3 3 0 3
cfi=(2)
cfn=(52)
calls=3 784 
* 6 3 3 3 0 3 1 0 1
+2 22 3 0 0 2
+3 15 5 0 2 5
+2 2 0 2 0 0 1
+2 2 0 2
+4 2
+4 2
-4 4 0 2
+1 2 2 0 0 2
+4 4 4
-4 2 0 2 0 0 2
+1 2
+3 2 2
-3 2 0 2
+2 2 2 0 2
cfi=(2)
cfn=(54)
calls=2 790 
* 4 2 2
-4 1 0 0 1 0 0 1
+4 1
-4 2 0 1
+1 1 1
+4 2 2 0 0 1
-4 1 0 1
+1 1
+3 1 1
-3 1 0 1
+2 1 1 0 0 1
cfi=(2)
cfn=(54)
calls=1 790 
* 2 1 1 0 1
-5 2 0 1 1

fl=(31) /build/glibc-OTsEL5/glibc-2.27/elf/dl-debug.c
fn=(92) _dl_debug_initialize
49 8 0 0 4 0 0 1
+5 6 0 0 3
+5 2 0 0 1 0 0 1
-1 1 0 1
+1 2 1 0 0 1
+1 2 0 1
-1 1 0 1
+5 1 1
-14 4 4 0 4 3 0 1
+4 8 4 0 0 4
+4 1
-1 1 0 1
+1 4 3 0 0 1

fn=(96) _dl_debug_state
74 2 2 0 1

fl=(23) /build/glibc-OTsEL5/glibc-2.27/posix/../sysdeps/unix/syscall-template.S
fn=(64) uname
78 4 0 0 1 0 0 1
+1 1 1

fl=(34) /build/glibc-OTsEL5/glibc-2.27/elf/dl-error-skeleton.c
fn=(104) _dl_catch_error
213 6 0 3 1 0 0 1
+2 2
-2 1
+2 2 0 1
cfn=(108) _dl_catch_exception
calls=1 -40 
* 2178 473 267 186 145 62 92 21 32
* 1 1 0 1 1
+1 2 1 1 1 0 1
+1 1 1
+1 1 1
-1 1 0 1
+1 1 0 1
+2 5 4 0 1 0 0 1

fn=(166) _dl_receive_error
226 3 0 2 1
+1 1 1 0 0 1
+1 1 1
+3 1 0 1
+1 1 0 1
+2 2 0 1
cfi=(2)
cfn=(168) version_check_doit
calls=1 621 
* 2608 764 265 153 183 41 27 29 16
+2 1 0 1 1 0 1 1
+1 1 0 1
+1 4 3

fn=(108)
175 6 0 3 3 0 0 1
+15 3 3 0 0 2
-3 6 0 6 0 0 5 0 0 2
+4 3
-3 3
-13 3 0 3
+19 3
-3 3 0 3 3 0 1 1
+3 3
-19 3 0 3 0 0 1
+13 3 0 3
+2 3 0 3
+4 3 0 3 0 0 1 0 0 1
cfi=(35)
cfn=(110)
calls=3 26 
* 60 15 24 6 5 4 2 0 1
* 9
+2 9 6 3
cfi=(48) /build/glibc-OTsEL5/glibc-2.27/elf/dl-deps.c
cfn=(148) openaux
calls=2 60 
* 5755 1184 713 391 341 135 74 48 63
cfi=(2)
cfn=(112) map_doit
calls=1 588 
* 2127 461 246 180 144 58 87 21 30
+2 3 3 0 2 1
-1 3 3
+1 6 0 3 0 0 1
-1 3 0 3 3 0 3 1
+1 3 0 3 0 0 2
+9 12 6 0 0 2

fl=(37) /build/glibc-OTsEL5/glibc-2.27/io/../sysdeps/unix/sysv/linux/wordsize-64/lxstat.c
fn=(120) open
39 11 0 0 11 0 0 1
fi=(38) /build/glibc-OTsEL5/glibc-2.27/io/../sysdeps/unix/sysv/linux/open64.c
-3 11 0 11 0 0 1 0 0 1
+3 66 0 0 11 0 0 1
+8 77
+2 3 3
-2 24 0 8 8 0 8 1
+2 8 8
fe=(37)

fl=(13)
fn=(28)
79 14 0 0 11 0 0 1
+1 14
+1 14
+1 14
+1 14 0 0 14 0 0 1
+1 14
+1 14
+2 14
+2 14
+31 14 14 0 0 8 0 0 3
+1 14
+1 14
+1 14
+1 14
+1 8
+2 8 8
+4 6
+1 6 6
+1 6 6 0 0 1
+1 6 6
+1 6 0 0 4 0 0 1
+1 6
+1 6
+1 6
+1 6
+1 6
+1 6
+1 6
+5 48 6 0 0 2

fl=(39) /build/glibc-OTsEL5/glibc-2.27/io/../sysdeps/unix/sysv/linux/read.c
fn=(124) read
27 8 0 0 2 0 0 1
+1 2 2

fl=(14) /build/glibc-OTsEL5/glibc-2.27/elf/../misc/sbrk.c
fn=(30) sbrk
32 4 0 2 1 0 0 1
+8 6 2
+4 2 0 0 1 0 0 1
+16 5 3

fl=(2)
fn=(54)
790 5 0 5 2 0 2
+1 5 5 0 0 1

fn=(112)
588 1 0 1 1 0 0 1
+2 1 1 0 0 1
-2 1
+3 2 2
-1 3
+1 3 0 1 1 0 0 1
cfi=(24) /build/glibc-OTsEL5/glibc-2.27/elf/dl-load.c
cfn=(114) _dl_map_object
calls=1 2080 
* 2113 456 243 177 143 57 85 21 30
* 1 0 1 1 0 1
+2 2 2

fn=(32) dl_main
870 1 0 1 1 0 0 1
+17 1
-17 10 0 5 1 0 0 1
+17 1 0 1 0 0 1 0 0 1
+4 1
-21 1 0 1 0 0 1 0 0 1
2471 1 1
891 1 0 1 0 0 1 0 0 1
+1 1
2466 1 0 1
892 1 0 1
+5 1 0 0 1 0 0 1
2471 1
897 1 0 1
2464 2 1 1 0 1 1 0 0 1
+7 3
-4 1
+4 3 0 2 1 0 1 1
+2 2 1 1 0 0 1 0 0 1
cfi=(15)
cfn=(34)
calls=1 29 
* 60 22 1 2 4 0 2
* 4 2 2 0 1
cfi=(15)
cfn=(34)
calls=2 29 
* 390 137 1 0 43 1
* 9
+4 6 2
-2 2
+2 42
+1 19
-1 57 19 0 1 0 0 1
+3 4
+6 14 2 0 0 2 0 0 1
+76 3 1 0 1 1 0 1
+1 4 0 1 1 0 0 1
cfi=(16)
cfn=(36)
calls=1 24 
* 31 5 0 5 3 0 5 1
* 2 0 0 1
-56 2 1 0 1 0 0 1
+7 4 0 1
cfi=(16)
cfn=(36)
calls=1 24 
* 36 7 0 2 1 0 0 1
* 2
+2 3 0 1 1 0 1 1
2635 3 1 0 2 1 0 2
+32 3 1
907 3 1 0 0 1
1108 7 0 1 2 0 0 2
cfi=(17)
cfn=(38)
calls=1 59 
* 230 26 51 23 10 14 21 2 14
+2 1 0 0 1
-2 1
+2 1
+1 1 0 1 0 0 1
+1 1 1
+5 2
-5 1 0 1
+1 2 1 1 0 1
+4 1 0 1
cfi=(17)
cfn=(50)
calls=1 31 
* 33 9 10 4 4 1 3 0 1
+1 2 1 0 1 0 0 1
879 1
1147 1 1
-3 1 0 1
-5 1 0 1
+1 1 0 1
+2 1 0 1
+5 5 0 0 1 0 0 1
+56 2 1 0 0 1
876 1
1166 1
+22 1
+15 2
-55 24
-1 27
+1 47 9 0 2 6 0 2 5
1250 3 1 0 1 1 0 1 1
+3 2 1 0 1 0 0 1
+2 2 1 0 0 1
+2 3 1 0 1 1 0 1
+13 3 1 0 0 1
+3 2 2 0 0 2
-2 1 1
+2 1 1 0 0 1
-2 3 0 2 0 0 1
cfi=(21)
cfn=(56)
calls=1 144 
* 50 6 0 5 3 0 5 2
* 2
+7 1 0 1 0 0 1
+3 1 1 0 1 0 0 1
-5 1 1
+3 1 0 1
-3 1 0 1
+5 1
+1 2 0 1
+4 2 1 0 0 1
+2 2 0 0 1 0 0 1
fi=(3) /build/glibc-OTsEL5/glibc-2.27/elf/get-dynamic-info.h
33 1 1 0 0 1
+9 2
+6 1 1 0 0 1 0 0 1
-2 1
+2 2
+15 1
+5 1
+3 1
+2 1
-3 1 0 0 1 0 0 1
-3 1
-3 1
-14 52
+13 24
+1 20 0 5 0 0 3 0 0 2
+10 5
-26 15 5 0 0 3 0 0 1
+16 20 0 20 0 0 9 0 0 4
+10 20
-26 60 20 0 0 7 0 0 5
+26 1
-26 3 1
+33 3 1 0 1 1 0 1
+20 3 1
+1 4 1 1 0 0 1
+1 4 1 1 0 0 1
+1 4 1 1
+2 4 1 1 1 0 1 1
+5 4 1 1 0 1
+1 4 1 1 0 1 1
+1 4 1 1
+6 3 1 0 1 0 0 1
+5 2 1
+7 2 1
+1 3 2 0 0 1
+18 3 1 0 0 1
+5 1 1
+2 1
-2 1 0 1 0 0 1 0 0 1
+2 1 0 0 1 0 0 1
+2 2
+2 2
+1 1 0 1
+2 3 1 0 0 1
+10 1 1 0 0 1
-8 3 1 1 0 1
+8 1 0 0 1 0 0 1
+5 2
+1 2 1 1 0 1
+2 2 1
fe=(2)
1293 2 0 1 0 0 1
cfi=(6) /build/glibc-OTsEL5/glibc-2.27/elf/dl-lookup.c
cfn=(10) _dl_setup_hash
calls=1 939 
* 23 7 6 2 1 1 0 1
+3 2 1 0 1 0 0 1
fi=(22) /build/glibc-OTsEL5/glibc-2.27/elf/setup-vdso.h
24 2 1 0 0 1
fe=(2)
1318 1 0 1 1 0 0 1
cfi=(11) /build/glibc-OTsEL5/glibc-2.27/elf/../sysdeps/unix/sysv/linux/dl-sysdep.c
cfn=(62) _dl_discover_osversion
calls=1 45 
* 87 13 4 5 1 1 5 1 1
* 9 1 1 0 1
-6 5 0 2 2 0 0 2
1167 2 2 0 1 1 0 1 1
+9 1 1 0 0 1
-7 1 0 1
-3 1 0 1 0 0 1 0 0 1
+10 1
+18 2 0 0 1 0 0 1
-37 3 2 1 0 0 1
+1 1
-6 3 1 1 1 0 0 1
+1 1
fi=(3)
65 4 0 0 1
+3 4
fe=(2)
1203 2 2 0 1 1 0 1 1
-1 2 2
+1 4
-1 2
+2 4 2 0 0 2
+1 1 0 1
+3 2 1
+1 2 1
-1 2 1 0 0 1 0 0 1
+1 2 1
+1 2 0 2 1 0 0 1
+1 6 3 0 0 2
+1 2 0 1
+31 2 1 1 0 0 1
+1 2 1 1
+1 1
-6 2 1 1 1 0 1 1
+1 1
fi=(3)
71 4 0 0 1 0 0 1
+1 1
+1 3 0 1 0 0 1
fe=(2)
1323 2 1 1 1 1 1 1
cfi=(24)
cfn=(66) _dl_init_paths
calls=1 623 
* 1740 309 231 115 37 28 66 4 16
+3 3 1 1 1
cfi=(31)
cfn=(92)
calls=1 49 
* 17 4 4 3 2 0 3
+7 1 1
-7 1 0 1 1 0 1 1
+2 1 0 1
+5 1
+3 3 2 1 0 2
+1 1 1 0 0 1
+3 1 0 1
-3 3 0 1
+1 2 1 1 1 0 1 1
+3 1 0 1 0 0 1
+5 1 1 0 0 1
-7 1 0 1
+7 1
+1 5 1 1
+17 2 1 0 0 1 0 0 1
+1 2 1 0 1 0 0 1
+5 1 1
-3 3 1
+2 1 0 1 0 0 1
+1 2 0 1
+5 2
+1 5 1 0 0 1 0 0 1
-1 2 0 0 1 0 0 1
+3 2 1 1 1 0 1 1 0 1
+1 2 1 1
+5 2 1 0 0 1 0 0 1
+6 4 2 0 1 1 0 1
+1 1
-2 1 0 1
885 1 0 1
1391 1
1570 1 0 1
cfi=(32) /build/glibc-OTsEL5/glibc-2.27/elf/../elf/dl-tls.c
cfn=(94) _dl_count_modids
calls=1 113 
* 4 3 0 1 3 0 1 1
* 1 0 1
+8 3 1 0 0 1
+3 2 1 1 1 1 1 1
+4 3 1 0 0 1
+5 2 1 1
+1 1 0 1
cfi=(31)
cfn=(96)
calls=1 74 
* 1 1 0 1
+1 1
+4 2 1 0 0 1
+15 3 2 0 1 1 0 1
+4 1 1 0 0 1
-2 1
+2 2
+2 3
+1 1
-1 2
+1 1 0 1
cfn=(98) handle_ld_preload
calls=1 837 
* 2506 604 328 207 156 71 104 22 39
* 1 0 0 1
+1 4 0 0 1 0 0 1
+2 2 0 1 0 0 1
+10 3 0 1
cfi=(47) /build/glibc-OTsEL5/glibc-2.27/io/../sysdeps/unix/sysv/linux/access.c
cfn=(144) access
calls=1 27 
* 8 1 1 2 0 1 2
* 2 0 0 1
+77 1 1
-96 1
+96 3 1 0 0 1
+17 3 0 0 1 0 0 1
+1 1
-1 1
+1 2 1 0 0 1
-1 1
+1 5 0 1 0 0 1
cfi=(48)
cfn=(146) _dl_map_object_deps
calls=1 159 
* 7220 1480 916 501 425 182 110 52 69
+1 4 0 0 1
+5 1 1
-3 2 0 1 1 0 1 1
+3 2
+1 7 2 1 0 0 1
-1 2
+1 9 3 3 0 1 2
-1 6
+4 3 2 1 1 1 1 1
+1 3 1
+1 1 0 1 0 0 1
+2 2
+1 5 3 0 0 1
-1 4
+1 6 4
-1 6 0 0 1 0 0 1
+47 2 1 0 1 0 0 1
+2 2
-1 1 0 1 1 0 1 1 0 1
-1 2 0 1
+2 4 0 2 0 0 1
cfi=(34)
cfn=(166)
calls=1 226 
* 2623 769 272 155 184 42 28 29 16
+10 1 1 0 1 1
+1 1 1 0 0 1
-1 1 0 1
+1 1
+1 1 0 1
cfn=(174) init_tls
calls=1 687 
* 542 50 328 25 17 42 14 1 37
* 1 0 1 1 0 1 1
+2 2 1 0 0 1
799 1 1 0 0 1
fi=(163) /build/glibc-OTsEL5/glibc-2.27/elf/../sysdeps/unix/sysv/linux/dl-osinfo.h
64 2 1 0 0 1 0 0 1
fe=(2)
801 1 0 1
fi=(163)
77 1 1
fe=(2)
810 1 0 1
+7 1 0 1
-5 1 0 1 1 0 1 1
1808 2 1
2038 3 1 0 0 1 0 0 1
2161 3 1 0 1 0 0 1
+7 1 0 1
+2 3
+1 1 1
-1 2
+2 10 0 0 3
+2 4 4 0 0 4
-2 8 0 0 3 0 0 1
+2 4 4 0 0 4
+5 8 8 0 0 8
+2 8
+6 4 0 4 0 0 4
+2 8 4 0 0 3
+1 24 6 3 0 6 1
cfi=(54) /build/glibc-OTsEL5/glibc-2.27/elf/dl-reloc.c
cfn=(180) _dl_relocate_object
calls=3 148 
* 77047 20446 7246 3943 6156 1825 145 900 255
+4 10 5 0 4 4 0 1
+1 2 0 1
cfi=(32)
cfn=(278) _dl_add_to_slotinfo
calls=1 887 
* 20 8 5 3 2 0 3
* 1
-12 1 0 1 1 0 1 1
+1 1 1
-3 2 0 0 1 0 0 1
+29 4 2 0 1 2
+2 1 0 1
+7 3 1 1 1 1 0 1
cfi=(32)
cfn=(280) _dl_allocate_tls_init
calls=1 437 
* 149 34 31 17 7 5 9 0 4
+3 2 1 0 0 1
-25 4 0 0 1 0 0 1
+2 2
+6 1 1 0 0 1
-6 1 0 1 0 0 1
+6 1
+26 3 2 0 1 2 0 1
+2 4 1 0 0 1
+15 1
+2 1 0 1 0 0 1
-2 2
+3 1 1 0 0 1
-3 1 0 0 1 0 0 1
+3 1
-3 1
+3 3 0 1
cfi=(54)
cfn=(180)
calls=1 148 
* 6191 1743 636 432 672 186 7 33
+1 4 0 0 1
+2 2 0 1 0 0 1
+8 1 0 1
cfi=(7) /build/glibc-OTsEL5/glibc-2.27/elf/../elf/dl-sysdep.c
cfn=(282) _dl_sysdep_start_cleanup
calls=1 260 
* 1 1 0 1 0 0 1
+4 2 1 0 1 1
+20 3 0 1 1 0 0 1
cfi=(31)
cfn=(92)
calls=1 49 
* 8 3 0 3 2
+1 1 0 1
-1 1
+2 1 0 1
cfi=(31)
cfn=(96)
calls=1 74 
* 1 1
+1 1
+4 1 0 1
cfi=(50) /build/glibc-OTsEL5/glibc-2.27/elf/dl-cache.c
cfn=(284) _dl_unload_cache
calls=1 326 
* 15 4 2 2 1 0 2
+5 8 7 0 0 2
2094 1 0 0 1 0 0 1
+13 1 1 0 0 1
-9 1 1 0 1 1 0 1
-4 1 0 1 0 0 1
+10 1 1 0 0 1
-6 1 0 1 0 0 1
+6 1 0 1 0 0 1
+3 1
1753 1 0 0 1 0 0 1
+1 1 1
-1 2 1 1 1 0 0 1
+1 1
+2 1
+2 3
+2 1 1 0 0 1
-4 1 0 1
+4 2
+14 4 3 0 1 1 0 1
+1 2 1 1
+1 3 1
-64 5 0 0 1 0 0 1
+1 1
-1 3
+4 3 0 1 1 0 0 1
+1 1 1
+1 2
+1 2
+32 2 0 1 1 0 0 1
2565 3 0 1 1 0 1 1 0 1

fn=(52)
784 5 0 5 5 0 4 1 0 1
+1 5 5

fn=(98)
837 8 0 6 1 0 0 1
+1 1
-1 1
-75 1
+86 1 0 0 1 0 0 1
-86 4 0 2 0 0 1 0 0 1
+80 2 1 0 0 1
+3 3 0 1
cfi=(33)
cfn=(100)
calls=1 30 
* 218 100 34 3 4 5 2 1 4
* 1
+1 3 0 0 1 0 0 1
+9 1 0 0 1
121 1 1 0 0 1
857 2 1
121 2
859 2 1
-97 5 2 0 1 0 0 1
-10 1 0 1
+4 1 0 1
+1 1 0 1
+1 1 0 1
+2 1 1 0 0 1
+2 1 0 1
cfi=(34)
cfn=(104)
calls=1 213 
* 2201 481 274 190 146 63 94 21 32
* 1 1 0 1
+1 3 1 0 1
+8 4 1 0 1
+71 2 1 0 0 1
+21 9 7 0 0 2
-15 4 0 1 1 0 0 1
cfi=(20)
cfn=(48)
calls=1 129 
* 18 5 4 4 0 2 2 0 2
+1 2 0 1 1 0 0 1

fn=(168)
621 2 0 1 1 0 0 1
+2 4 2 1 0 1
cfi=(53)
cfn=(170)
calls=1 362 
* 2598 760 263 150 182 41 26 29 16
* 2 0 0 1
+4 2 2 0 1

fn=(174)
687 1 1 0 1 1
-6 1 0 1
+2 2 1 1
+4 1
+10 4 0 1
cfi=(19)
cfn=(42)
calls=1 92 
* 27 4 3 3
* 1 1
+11 1 1 0 1 1 0 1 1
-15 1
+3 1 0 1
+6 1
+2 1 0 1
-11 1 0 1
+15 1
+2 1 1 0 1 1 0 1
-1 1
+1 15
+2 8 4 0 0 4
+4 1
+2 1
-2 1 0 1
-5 8 4 0 0 4
+9 2
+3 1 0 1 1 0 0 1
cfi=(32)
cfn=(176) _dl_determine_tlsoffset
calls=1 141 
* 66 14 9 6 1 1 6
+7 1 0 1 1
cfi=(32)
cfn=(178) _dl_allocate_tls_storage
calls=1 332 
* 375 16 303 9 5 40 3 0 37
+1 1
-1 1
+1 1
+6 1 1 0 1 0 0 1
+3 1
-3 1 0 1
+3 6 0 2
+3 1 0 1 1 0 1 1
+2 1
+1 3 2

fn=(2)
444 9 0 6 1 0 1 1 0 1
+19 4
fi=(3)
48 1 1 0 1 1 0 1 1
fe=(2)
463 1 0 1 0 0 1 0 0 1
fi=(5) /build/glibc-OTsEL5/glibc-2.27/elf/../sysdeps/x86_64/dl-machine.h
59 3 1 0 0 1 0 0 1
fi=(3)
-11 1
fe=(2)
489 1 0 1 0 0 1 0 0 1
-3 1 0 1 0 0 1 0 0 1
fi=(3)
48 1
+25 2 0 0 1 0 0 1
-3 1
-7 1
+5 1
+3 1
+2 1
-6 1
+3 1
-3 2
-3 16 0 4 0 0 4 0 0 2
+10 4
-26 12 4 0 0 3 0 0 1
+16 13 0 13 0 0 4 0 0 3
+10 13
-26 39 13 0 0 4 0 0 4
+26 1
-26 3 1
+2 36 0 0 1 0 0 1
+13 20
+2 4
+16 2 0 0 1 0 0 1
+20 4 1 1 0 0 1
+1 4 1 1 0 0 1
+1 4 1 1 1 0 0 1
+1 4 1 1
+2 4 1 1
+5 4 1 1 0 1
+1 4 1 1 1 1 1 1
+1 4 1 1
+6 3 1
+5 2 1
+7 3 1
+1 3 2 0 1 0 0 1
+8 3 1 0 0 1
+3 3 1 0 0 1 0 0 1
+4 2 1 0 1 0 0 1
+1 2 1 0 0 1
fe=(2)
500 2
393 1
507 1 0 1 1 0 1 1 0 1
393 1 0 1 0 0 1 0 0 1
cfi=(6)
cfn=(10)
calls=1 939 
* 23 7 6 2 3 1 2 1 1
+1 2 0 1 0 0 1
+1 2 0 1
+1 2 0 1
+1 2 0 1 0 0 1 0 0 1
+8 1 0 0 1 0 0 1
+9 1
-9 3
+9 1
-6 1 0 1 0 0 1
-3 1 0 1 0 0 1
+9 1 0 1 0 0 1
cfi=(7)
cfn=(12) _dl_sysdep_start
calls=1 88 
* 126450 31293 10334 5609 9528 2487 662 1133 476
* 1 0 0 1
+9 4
+3 1 1 0 0 1
+4 1 1 0 1
-4 1 0 1 0 0 1
+4 1
532 9 7 0 0 1
-27 27 9 0 3 3 0 3
fi=(4) /build/glibc-OTsEL5/glibc-2.27/elf/do-rel.h
84 1 1
+27 1
-28 1 1 0 0 1
+28 2
+1 2 1 0 0 1 0 0 1
fi=(5)
540 2 1
fi=(4)
112 76 38 0 0 8 0 0 4
fi=(5)
540 76 38 0 0 5 0 0 5
+1 39 39 0 0 5 0 0 5
fi=(4)
111 39
fi=(5)
541 39
fi=(4)
111 39
fi=(5)
541 39 0 39 1 0 24 1 0 21
fi=(4)
111 39
+5 2 1 0 0 1
+8 1
fi=(5)
335 1
+87 1
fi=(4)
124 2
+12 1 1
+3 1 1
-3 1
+3 1
-3 1 0 0 1 0 0 1
fi=(5)
301 1
fi=(4)
137 1
fi=(5)
301 1
fi=(4)
137 1
fi=(5)
301 1
fi=(4)
136 8 8 0 0 2 0 0 2
+3 8 8
-3 8
+3 8
-3 8
fi=(5)
301 8
fi=(4)
137 8
fi=(5)
301 8
fi=(4)
137 8
fi=(5)
301 8
+9 27
+3 9 9 0 0 7 0 0 7
-3 18 18 0 0 6 0 0 1
+3 27
+22 54 9 0 0 1 0 0 1
fi=(3)
68 4 0 0 1 0 0 1
fi=(4)
+56 28
fi=(5)
354 27 9 9 1 3 3 1 1 2
fi=(3)
71 4 0 0 1 0 0 1
+1 1
+1 2 0 1 0 0 1 0 0 1
fe=(2)

fl=(41) /build/glibc-OTsEL5/glibc-2.27/io/../sysdeps/unix/sysv/linux/wordsize-64/fxstat.c
fn=(130) _fxstat
34 3 0 0 2 0 0 1
-1 3
+1 3
+1 18 0 0 3 0 0 1
+4 3 3

fl=(24)
fn=(118) open_verify.constprop.7
1598 110 10 60 10 0 1 1 0 1
+39 10
-39 30 0 30 0 0 1 0 0 1
+39 38 10 0 0 2
+31 40 10 10 10 1 1 1 0 1
cfi=(37)
cfn=(120)
calls=10 39 
* 184 10 18 28 0 9 3 0 1
+2 10
-2 10
+2 12
+10 2 0 2 0 0 2
+1 4 0 2 0 0 1
+5 12 0 2 2 0 0 1
cfi=(39)
cfn=(124)
calls=2 27 
* 10 2 0 2 0 0 1
+2 4
+2 2 2
+2 2
-2 2 0 2
+2 2
+6 4
+16 32 18 0 6 2 0 3 1
+74 4 2
+5 4 2
+2 8 2
+6 4
+11 4 2 0 0 2 0 0 2
+6 2 2 0 2 0 0 1
+1 2 2
+1 2
-2 6
+1 6
+21 82
+2 38 17 0 2 10 0 1 10
+13 6 0 0 2 0 0 1
+3 8 4
+1 2
+12 12
-3 18 12 0 2 3 0 1 3
+15 2
+3 1 1
+1 3 1
+1 1 1
-1 1
-1 1
+3 3 1
+1 3 1 0 1 0 0 1
1650 8 0 0 8
1918 90 70 0 2 1 0 1
1714 2 1 0 2 1 0 2 1
1871 12 4 0 2 0 0 1
+3 2
-4 2
+4 4
+5 1
+1 2
-55 2 1 0 1 0 0 1

fn=(114)
2080 21 0 18 3 0 3 1 0 2
+8 3
-8 6 0 6 0 0 3 0 0 2
+8 3
+1 12 3 0 0 3 0 0 1
+3 42 9 0 3 4 0 1
+5 49 7 0 3 7 0 1
+2 21 0 7 0 0 3
cfi=(36)
cfn=(116)
calls=7 282 
* 789 170 31 64 54 3 6 0 1
* 14
+4 12 6 0 0 3
+1 18 6 0 0 6
+3 2 2 0 0 2
+1 2 2 0 0 2
+1 2
-1 2 2 0 0 2
+1 2 0 2
cfi=(21)
cfn=(56)
calls=2 144 
* 48 14 0 4
* 4
2391 27 21 0 6 6 0 1
2125 6 2 0 2 2 0 1
+10 6 2 0 0 2
-53 2 0 2 0 0 1 0 0 1
+89 4 0 0 2 0 0 1
-2 2 0 2 0 0 2 0 0 2
+2 2 0 2
cfi=(29) /build/glibc-OTsEL5/glibc-2.27/string/../sysdeps/x86_64/multiarch/../strchr.S
cfn=(84) index
calls=2 24 
* 46 6 0 3
* 4
2322 5 0 1
cfn=(82) expand_dynamic_string_token
calls=1 320 
* 154 26 16 20 3 3 5 0 1
* 1 0 0 1
-2 1 0 1 0 0 1 0 0 1
+3 5 0 1 1 0 0 1
+4 9 0 2
cfn=(118)
calls=1 1598 
* 208 46 15 16 11 3 16 8 2
+3 2 1
-3 1
+3 3 2
+12 3 0 0 1 0 0 1
+46 1 1 0 0 1
+1 3
-1 1 0 1
+1 9 3 5
cfn=(126) _dl_map_object_from_fd
calls=1 808 
* 1347 296 178 106 91 44 52 12 22
-1 1 1 0 1 1
+1 3
-1 1 0 1
+1 9 3 5
cfn=(126)
calls=1 808 
* 1694 307 332 108 106 90 6 13 50
* 6 0 0 4 0 0 1
2171 1 1 0 1 0 0 1
+4 2 0 1
cfi=(13)
cfn=(28)
calls=1 79 
* 16 2 0 2
* 1
+2 1
-2 1 0 1
+2 1
+7 4 1 0 1 1 0 1
+36 12 1 4 1 0 1 1
cfn=(150) open_path
calls=1 1932 
* 1347 367 222 117 91 21 16 1 7
+6 2 0 0 1
-6 1
+6 3
601 3 1 0 0 1
2314 2 1 0 1 0 0 1
+28 4
+2 2
-95 1 0 0 1 0 0 1
-14 1 0 1 0 0 1
+14 1
+2 3 1 0 0 1
+4 2 0 1 1 0 0 1
cfi=(50)
cfn=(154) _dl_load_cache_lookup
calls=1 187 
* 1520 245 67 61 63 7 30 25 2
+2 1 0 0 1
-2 1
+2 1
+4 2
+8 3 1 0 0 1
+23 10 0 3 1 0 1 1
cfn=(118)
calls=1 1598 
* 220 54 15 18 11 2 3 9
+4 2 1 0 1
-4 1
+4 3 2 0 0 1
+1 2 0 1
-88 7 1 1 1 0 0 1
601 3 1 0 1 0 0 1
2219 2 1 0 1 1 0 1
+1 2
-32 1 1 0 1 0 0 1
+1 2 0 1
-1 3 0 1
+8 7 0 3
-3 3 1 0 0 1
601 3 1 0 1 1 0 1
+9 3 2 0 1 0 0 1
2208 3 0 0 1 0 0 1

fn=(126)
808 22 0 14 2 0 2 1 0 1
+10 2 2
-10 2 0 2 0 0 2 0 0 1
+10 2
-10 6 0 6 2 0 0 1
+10 2 0 2 0 0 2 0 0 1
cfi=(31)
cfn=(92)
calls=2 49 
* 16 6 0 6 5
fi=(40) /build/glibc-OTsEL5/glibc-2.27/elf/../sysdeps/posix/dl-fileid.h
37 6
fe=(24)
818 2 0 2
fi=(40)
37 2 0 2
cfi=(41)
cfn=(130)
calls=2 -3 
* 20 2 0 4 0 0 2
* 4 0 0 2
+4 2 2 0 0 1
fe=(24)
834 2
fi=(40)
40 2 2
+1 2 0 2 2 0 0 1
fe=(24)
834 27 9 0 0 8
+1 10 5 0 0 5
fi=(40)
49 13 7 0 1 5 0 1 1
fe=(24)
1346 18 14 0 2 2
852 4 2 0 4 1 0 2
+24 8 2 2 0 0 1
+10 4 2 0 0 2
+22 8 4 0 0 2
+32 4
819 2 0 2 2 0 1 1
943 14 10 2 0 1
cfi=(17)
cfn=(38)
calls=2 59 
* 758 148 106 72 31 25 2 2 16
+1 2 0 0 2
-1 2
+1 2
+11 4 4 0 0 4
+5 2 2
-5 2 0 2 2 0 2 1 0 2
+1 2 2 0 0 1
+5 2
-5 2 0 2 0 0 1
+1 2 2 0 0 1
+2 2
-2 2 0 2
+2 4
+1 6 2
+20 2 0 0 2 0 0 1
-2 2 0 2
+10 2
-8 12
+8 2
-8 6 0 4 0 0 1
+8 2 0 0 2 0 0 1
+97 2 2 0 0 2
982 2
-6 2 0 2
1085 2
981 2
-5 4 0 2
1085 6 0 2
-96 32
-1 102
+1 95 17 0 2 9 0 1 2
+6 4 2
+5 4 2 2 0 0 2
+1 8 2 2
+11 20 8 0 2 6 0 1
+5 32 8
+9 12 0 0 2 0 0 1
-1 12 4
+1 4 0 4 0 0 4 0 0 4
+1 8 4
+2 4 4
-2 4
+1 4 0 4
-1 4
+3 4
+4 4
-7 4 0 4
+3 4 0 4
-1 4 0 4
+5 4 0 0 2 0 0 1
+1 8 4 0 0 1
+5 4 2
-1 2
-14 2
+14 2
+1 12 2 2
+10 2
-10 4 2
-1 2
-14 2
+14 2
+1 12 2 2
+10 2 0 0 1 0 0 1
-44 2 1 1 1
+1 1
+46 3 1 0 0 1 0 0 1
+4 1 0 1 0 0 1 0 0 1
+1 1 1
+2 1
-1 1
-1 2 1 1 1 0 0 1
+1 1
+3 3 0 1
+1 1 1
+3 1 0 1
-3 1 0 1
+7 4 1 0 1 1
+6 1 0 1
cfi=(32)
cfn=(162) _dl_next_tls_modid
calls=1 51 
* 6 3 1 1 2 0 1
* 2 1 1 0 1 1
+1 1
+19 4 2 2 1 0 1 1 0 1
+1 4 2 2 0 2
+1 2
-6 4 2 2 2 0 1 1
+1 2
+8 8 2 0 0 1
956 2 2
1110 2
956 2 0 2
1110 2 0 0 2 0 0 1
+10 6 4 0 0 1
fi=(43) /build/glibc-OTsEL5/glibc-2.27/elf/./dl-map-segments.h
50 2 2 0 0 2
+6 2 2
fe=(24)
1120 8 4 2 0 2
fi=(43)
56 6 4 0 2 0 0 1
fe=(24)
1120 2
fi=(43)
50 2
fe=(24)
1120 4 0 2
fi=(43)
56 4 0 4
cfi=(42)
cfn=(132)
calls=2 -12 
* 74 16 12 6 2 2 3 0 2
+4 2
-4 2 0 2 0 0 1
+4 4 2 0 2 2 0 1
+3 4 2
+1 2
+2 2
-2 2 0 2 0 0 1
-1 2 0 2 0 0 1
+3 2
+14 4 2 2 0 0 2
fi=(45) /build/glibc-OTsEL5/glibc-2.27/elf/./dl-load.h
+10 8 4
+1 6 4 2 2 0 1 1
+2 8 4 0 0 2
fi=(43)
+11 16 8
+45 4
-59 20 4 0 4 3 0 1
+2 12 6 2 0 0 1
+2 16 6 2 0 1
cfi=(42)
cfn=(132)
calls=2 -50 
* 66 14 12 3
* 4 0 0 2 0 0 1
+16 2 2
+2 2 2 0 0 2
-2 2
+1 2
+2 2
-1 2
+1 2
-1 6
+8 4 0 0 2 0 0 1
+3 4 2 0 0 1
+8 14 0 6
cfi=(28)
cfn=(76)
calls=2 -22 
* 249 2 130 6 1 33 2 0 32
* 4 4 0 1 2
+6 4 0 0 2 0 0 1
+4 8 1 1
cfi=(42)
cfn=(132)
calls=1 -97 
* 33 7 6 0 0 1
+3 2
-71 20 8 2 2 1 0 1
cfi=(44) /build/glibc-OTsEL5/glibc-2.27/misc/../sysdeps/unix/syscall-template.S
cfn=(136) mprotect
calls=2 +5 
* 10 2 0 2 0 0 1
* 4
fi=(45)
+21 5 3 0 1 1 0 1
+2 1 1 0 0 1
-1 3 2
+1 1
-1 1
+1 2
-1 2 0 0 1 0 0 1
+3 4 0 1
fe=(24)
1132 8 4 0 2 1 0 1
+9 4 2
fi=(3)
42 2
fe=(24)
1141 2 0 2 2 0 0 1
fi=(3)
42 2
+6 2 2 0 0 2 0 0 2
-2 2
+2 4
+15 2
+5 2
+3 2
-1 2
-3 2
-3 36 0 8 2 0 5 1 0 4
+10 8
-26 24 8 0 0 4 0 0 3
+16 35 0 35 0 0 15 0 0 7
+10 35
-26 105 35 0 0 13 0 0 8
+26 2 0 0 2
-26 6 2
+2 90
+13 40
+2 8 0 0 2 0 0 1
+16 4 0 0 2 0 0 1
+20 7 2 1
+1 8 2 2
+1 8 2 2 2 0 1 1
+1 8 2 2
+2 8 2 2 0 0 2
+5 8 2 2 0 2
+1 7 2 1 2 1 1 1 1
+1 8 2 2 0 0 1
+6 6 2 0 0 2
+5 4 2
+7 4 2 0 0 1
+1 6 4 0 2 2 0 1
+18 6 2 0 0 2 0 0 1
+5 1 1 0 0 1
+2 1
-2 1 0 1 0 0 1
+2 1
+2 2
+2 2
+3 6 2 0 2 1 0 1
+10 1 1 0 0 1
-8 4 1 1 0 1 1
+8 1
+5 2
+3 4 2
fe=(24)
1148 4 0 0 2 0 0 1
+15 6 2
+19 4 2 2 0 1
+2 10 4 0 2 3 0 1
+54 6 2 0 0 2 0 0 1
+1 2 1 1 0 1 1
+3 2 1 1 0 0 1
cfi=(46) /build/glibc-OTsEL5/glibc-2.27/io/../sysdeps/unix/sysv/linux/close.c
cfn=(142) close
calls=1 27 
* 5 1 0 1
* 2 1 1 0 1
cfi=(46)
cfn=(142)
calls=1 27 
* 5 1 0 1 0 0 1
* 4
+9 4 2 0 0 1
+2 6 4 0 2 3 0 1
+2 2 2 0 0 2
-2 2 0 2
+2 2
+16 4 0 2
cfi=(6)
cfn=(10)
calls=2 939 
* 46 14 12 4 7 5 0 3
+4 4 2 0 2 1
+1 4 2 0 0 2
+17 4 2 0 2 1 0 1
+1 1 0 1 0 0 1
+8 1 1
-5 3 1 2 0 1 1
+5 2 1 0 0 1
-5 3 1 2 0 0 1
+5 1
+10 4 2 0 0 2
+10 6 2 2 2 2 0 1
cfi=(17)
cfn=(50)
calls=2 31 
* 82 23 22 8 11 5
+4 6 2 0 0 2
fi=(3)
68 8 0 0 4 0 0 2
+3 8
+1 2
+1 8 0 2 0 0 2
fe=(24)
369 2 1 0 1 0 0 1

fn=(66)
623 1 0 1 1 0 0 1
+13 2
-13 8 0 6 0 0 1
+13 3 2 1 0 1 1
cfi=(25) /build/glibc-OTsEL5/glibc-2.27/elf/dl-hwcaps.c
cfn=(68) _dl_important_hwcaps
calls=1 42 
* 711 97 97 38 9 8 26 2 6
+5 1 0 0 1
-5 1 0 1 1 0 1 1 0 1
+5 1 0 1
cfi=(19)
cfn=(46)
calls=1 50 
* 18 3 3 2
* 1 1 0 1 1
+1 1 0 0 1
-2 1 0 1
+2 2
+8 1 1
-1 1
+1 4 0 2 0 0 1
-1 3 0 0 1 0 0 1
+4 4 0 1
cfi=(19)
cfn=(46)
calls=1 50 
* 18 3 3
* 1 1 0 1
+2 1
-2 2 0 1
+2 1
+7 1 0 1 0 0 1
+10 1
-11 1 0 1
+12 1 0 1 1 0 1 1 0 1
+3 1 0 1 0 0 1 0 0 1
+1 1
-5 1 0 1
+3 1
+1 1
-1 1 0 1
+9 1
-20 1
+17 1 1
+3 1 0 1
-3 17 4 4 1 0 0 1
cfi=(28)
cfn=(76)
calls=4 109 
* 48 4 8 2 0 2 2 0 2
+3 27 3 3
-12 3
-2 3 0 3
+10 3 3 0 0 3 0 0 2
-7 3 0 3 1 0 2 1 0 2
-1 3 0 3
+4 3 3 0 0 2
-1 3 0 3 0 0 1
+1 3 0 3
+1 3
+3 3
+1 3 3
-4 3
+4 3
+14 1 1 0 0 1
-11 1 0 1
+6 1 0 1 1 0 1 1 0 1
+1 1 0 1
+5 2
+2 4 1 0 0 1
+2 3 1 0 0 1
+38 5 2 0 1 1 0 1
-19 1 1 0 1 1 0 1
-2 2 0 1 0 0 1
+2 2
+21 3 0 1 1 0 0 1
cfi=(13)
cfn=(28)
calls=1 79 
* 16 2 0 2 1
* 8 0 1 1 0 0 1
cfi=(20)
cfn=(48)
calls=1 129 
* 10 3 2 2
* 1
+5 4 1
-1 2
+2 56
-1 57 14 0 1 0 0 1
+5 1 0 1
cfi=(19)
cfn=(46)
calls=1 50 
* 18 3 3 4 1
* 1 1 0 0 1
+1 1
-2 1 0 1
+2 1
+6 7 0 1 1
cfn=(78) fillin_rpath
calls=1 389 
* 584 141 60 45 11 6 24 0 2
+3 3 2 0 1 1
+6 1 0 1
+4 8 7 0 0 1
-37 2 0 1 2 0 0 2

fn=(78)
389 7 0 6 1 0 1 1
+2 1
-2 9 0 6 1 0 1 1
+4 3 2 1
cfi=(19)
cfn=(80) strsep
calls=1 265 
* 238 74 1 3 1 0 3
* 3 2 1 1
cfi=(19)
cfn=(80)
calls=1 265 
* 6 3 0 2
* 6 0 0 2 0 0 1
+7 2 1
+2 3 1 1
cfn=(82)
calls=1 -82 
* 104 18 14 13 0 2 4
+4 1 0 0 1
-4 1
+4 1
+5 2 0 1
cfi=(13)
cfn=(28)
calls=1 79 
* 16 2 0 1
+1 2
+7 6 1 0 1 0 0 1
+9 17 5 0 1 0 0 1
+1 8 4 0 0 4
+57 2 1 1 1 0 0 1
cob=(2)
cfi=(18)
cfn=(88) 0x0000000004000f00
calls=1 0 
* 5 3 0 2 1 0 1
* 1
-39 2 1 0 1 0 0 1
+4 7 2 2 1 1 0 1
-1 1 0 1
cfi=(19)
cfn=(46)
calls=1 50 
* 18 3 3 3 1
* 1 1 0 0 1
+3 3 1
+5 1
+1 2
-2 2 0 2 0 0 1 0 0 1
+2 1 0 1
cfi=(20)
cfn=(74)
calls=1 116 
* 12 3 2 2 1 1 0 0 1
+3 1 1 0 0 1
-2 1 1 0 1 0 0 1
-1 1 0 1
+1 1 0 1
+2 1
+6 4 1
+1 17 0 0 1 0 0 1
+1 1 0 1
-1 3
+1 1 0 1
-1 14 1 1 1 0 0 1
+1 8 0 1 1 0 0 1
-1 1
+1 1 0 1
-1 3
+1 1 0 1
-1 2
+4 1 1 0 1 0 0 1
-1 1 1
+1 1
-1 1 0 1
+1 1
+8 1 0 1 1 0 0 1
-1 1 0 1
+4 3 0 1
-37 2 0 1
-28 1 0 0 1 0 0 1
+5 4 0 2
+66 1 0 1
+3 9 7
-15 2 0 1 1 0 0 1

fn=(82)
320 12 0 8 2 0 2 1
+10 4
-10 2
+10 2 0 2
cfi=(29)
cfn=(84)
calls=2 24 
* 70 9 0 6 1 0 6
* 4
+15 2
-11 2
+11 8 8
-11 2
cfi=(30) /build/glibc-OTsEL5/glibc-2.27/string/strdup.c
cfn=(86) strdup
calls=2 40 
* 150 27 20 25 2 3 2 0 1

fn=(150)
1932 8 0 6 1 0 1 1 0 1
+1 1 1
+6 1
-6 1 0 1 0 0 1 0 0 1
+6 1
+5 11 2 7 1 2 1 1 0 1
-7 1 0 1
-1 1 0 1 1 0 0 1
+8 7 1
+3 3 2 0 0 2
+9 4 0 1
+7 3 2 0 1 1 0 1
+1 1
-13 3
+12 1 0 1 0 0 1 0 0 1
cfi=(20)
cfn=(74)
calls=1 116 
* 12 3 2 3 0 1 0 0 1
* 1 0 1
+55 2 0 1
-22 6 2 1 1 1 1 1
-32 2
+32 24 8 0 8 8
-32 16
+3 16 8 0 0 1
+4 48 32 8 1 15 0 1
cfi=(20)
cfn=(74)
calls=8 116 
* 101 22 14 13 7 3
* 32 16 8 0 8
cfi=(20)
cfn=(74)
calls=8 116 
* 96 24 16 1
+3 16 0 8
+3 24 8 0 0 8
+3 72 40 16 1 7 0 1
cfn=(118)
calls=8 1598 
* 440 88 96 48 0 10 1 0 2
* 8
+2 40 24 0 0 6
+2 16
+89 9 7 0 1 2 0 1
-24 7 1 0 1 1 0 1
+7 1 0 1
-2 1 0 1
+2 3 2 0 1 1 0 1
+3 3 1
-13 2
-57 16 8 0 8 0 0 1
+1 64 32 0 0 12
+6 16 16 0 8 8 0 1
+2 16 8
-2 16 0 8 1 0 0 1
+2 16 0 8
cfi=(49) /build/glibc-OTsEL5/glibc-2.27/io/../sysdeps/unix/sysv/linux/wordsize-64/xstat.c
cfn=(152) _xstat
calls=8 34 
* 101 8 7 16 0 0 1
* 8
+3 8
-3 8
+1 1 1 0 0 1 0 0 1
+2 1
-2 1
+2 7 0 1 0 0 1
-37 2
+37 7 0 7 0 0 1
-37 14 0 0 1 0 0 1

fl=(8) /build/glibc-OTsEL5/glibc-2.27/elf/../sysdeps/x86/cpu-features.c
fn=(24) get_common_indeces.constprop.1
34 2 0 1 1 0 0 1
+4 4
+3 3 0 1
+4 1 0 0 1 0 0 1
-4 1 0 1
+4 1
-4 1 0 1
+3 1 0 1
+1 2 0 1
+1 4 0 1
+1 4 0 1
+1 3 0 1
+1 2 1 0 1 0 0 1
+7 2 1
+1 7 0 4
+7 3 1 0 1 0 0 1
+4 2
+2 4
+40 2 1
+4 4
+1 2
+3 1
+7 1
-8 1
+4 1 0 0 1 0 0 1
+2 1 0 1
-2 1 0 1
+4 2
+3 2
+50 3 2 0 1 0 0 1
74 2 0 0 1 0 0 1
+3 3 1 0 0 1 0 0 1
+3 1 1
-3 1 0 1
+3 1
+2 3 0 1
+2 2
+7 3 0 0 1 0 0 1
-5 3 0 1 1

fl=(78)
fn=(290)
79 11 0 6 2 0 0 2
+5 1 1 0 0 1
-4 1 1 0 0 1
+1 1 1
+3 2
+8 2 0 0 1
+25 2 1 0 0 1
+1 12 0 0 1 0 0 1
+1 12 8 0 1 8
-89 12 4 0 0 4
+9 3 3 0 0 2
-3 6 0 3
+3 9 3 0 0 3
+5 6 2 0 1 2 0 1
+5 2 1
+9 6 2 1 0 1 1
cob=(3)
cfi=(80)
cfn=(302)
calls=1 -6 
* 207 49 27 20 20 9 15 0 3
* 1 1 0 1 1
+4 2
+6 2 2 0 1 1 0 1
+2 2 2 0 0 2
-2 1
+3 1
-1 1
+1 5 0 1
+1 4 1 1 0 1 1
cob=(3)
cfi=(86)
cfn=(316)
calls=1 488 
* 1773 167 90 46 15 7 32 6 3
* 1 0 0 1
-1 2 1
+47 3 0 0 1
+7 8 7 0 0 1
-80 3 1 0 1 1 0 1
-5 3 0 0 1
-10 3 1 0 1 1 0 1
+57 2 0 1 0 0 1
-48 1 1 0 1 1 0 1
-3 2 0 1
+3 3 1 0 0 1
+5 3 1 0 0 1
+5 2 1
+9 7 2 2 1 1 0 1
cob=(2)
cfi=(18)
cfn=(292) 0x0000000004a2a520
calls=1 -58 
* 6 2 0 1 1
* 1 1
+3 1 1 0 0 1
+1 2
+6 1 1
+2 2 2
-2 2 1 0 0 1
+3 8 0 2 1 0 0 1
+1 4 1 1 0 1 1
cob=(4) /usr/lib/valgrind/vgpreload_core-amd64-linux.so
cfi=(79) ???
cfn=(296) 0x0000000000000640
calls=1 -72 
* 17 3 2 3 0 0 3
-1 5 2

fl=(136)
fn=(502)
30 8 0 6 1 0 1 1
+20 3 1 0 1 1 0 1
-3 6 0 1
+3 4 0 0 2
+3 2 1 1 1 1 0 1
cfi=(2)
cfn=(52)
calls=1 784 
* 2 1 1 1
+2 1 1 0 0 1
+3 2
+2 8 3 1 0 1
+8 1
-3 1 0 1
+8 1
-5 6 0 0 1 0 0 1
+7 8 4 0 0 4
+2 8
+2 8 0 4 0 0 2
+1 4 0 4 0 0 4
+1 4 0 0 1 0 0 1
+4 4 0 4 0 0 4
-12 12 4
+14 6
+1 4
+6 3 0 1 1 0 0 1
cfi=(52)
cfn=(164)
calls=1 -66 
* 253 64 32 15 9 5 10
+10 2 1 1 1
cfi=(2)
cfn=(54)
calls=1 790 
* 2 1 1 1 0 1
+5 6 0 1 0 0 1
+2 1 1 0 1 0 0 1
+2 3 1 0 0 1
-2 3 3 0 2 2
+2 9 3 0 0 3
+3 8 0 4
+3 12 4 0 0 4
+4 4 2 0 0 1
+11 2 2 0 0 2
+1 2 2 0 1 0 0 1
-1 2 2 0 0 2
+2 2 2
-2 2
+2 2
+1 14 0 2 0 0 1
+1 2 2 2 0 2 1
cob=(4)
cfi=(79)
cfn=(526) 0x0000000000000600
calls=1 0 
* 95 30 17 8 8 3 2
cob=(5)
cfi=(88)
cfn=(504)
calls=1 0 
* 95 30 17 13 9 3 10 2
* 2 0 0 1
-1 6 4 0 1 4 0 1
+5 4
+1 6 4 2 0 2
cob=(2)
cfi=(18)
cfn=(542) 0x0000000004a2a7a8
calls=1 0 
* 3 1 0 1 0 0 1
cob=(2)
cfi=(18)
cfn=(524) 0x0000000000108d54
calls=1 0 
* 3 1 0 1
+6 24 8 0 1 4
+16 8 0 4 0 0 3
-56 10 5 0 1 1 0 1
+62 6 2 0 0 1
+6 2 1
+7 8 7 0 0 1
-90 7 0 0 1 0 0 1
+26 6 2 0 1 2

fl=(108) /build/glibc-OTsEL5/glibc-2.27/elf/dl-open.c
fn=(398) _dl_find_dso_for_object
176 5 0 4 1 0 0 1
+4 6 1 0 0 1
+1 4 1 0 0 1
+1 12 6 0 1 3 0 1
+1 2 1 0 0 1
-2 6 2 0 0 2
+5 2 1 0 1 1 0 1
+4 7 5 0 0 1

fl=(30)
fn=(86)
40 12 0 6 3 0 0 1
+1 3 0 3
cfi=(13)
cfn=(28)
calls=3 +38 
* 84 12 0 5 0 0 1
* 3 0 0 3
+1 6 0 3
cfi=(19)
cfn=(46)
calls=3 +8 
* 54 9 9 12 2
* 3 3 0 2 2
+2 6
+4 3
-1 6
+1 6 6
-1 6 0 0 3
cfi=(20)
cfn=(48)
calls=3 +82 
* 38 11 8 6 1 4 0 0 2

fl=(6)
fn=(190) do_lookup_x
338 686 0 588 98 0 97 1 0 1
+1 98 98 0 0 98
-1 588 98 490 0 0 82 0 0 2
+6 196 98
+12 98 98 0 98 0 0 1
+30 98
-41 98 98
+41 98 0 98
+35 196
-65 490 0 98
+14 927 309 0 5 309
+8 618 618 0 100 618 0 1
+1 927 618 309 0 196 277
+3 309 309 0 0 97
+1 618
+4 618 618 0 0 194
+3 618 618 0 0 194
-5 309 309 0 0 309 0 0 34
+5 927 0 0 133 0 0 1
+3 2163
-99 219 0 0 5
540 1548 589 0 0 189
+1 114 0 76 0 0 37 0 0 1
cfi=(36)
cfn=(116)
calls=38 282 
* 2850 798 152 304 235 9
* 152 38 0 38 7
+3 657
349 618 618 0 94 510 0 1
+3 618 309 0 0 107
+4 618 0 0 136 0 0 1
+4 618 309 0 0 262
+4 618 309 0 0 98
fi=(55) /build/glibc-OTsEL5/glibc-2.27/elf/../sysdeps/generic/ldsodefs.h
102 270 90 0 90 54 0 1
fe=(6)
503 180
+3 676 90 0 90 0 0 1
-60 10 5 0 5
+64 33 11 0 11 11
+12 540 270 270 90 8 106 1
+2 90
+24 784 686 0 8 24
-1 16 0 0 8
397 285 0 0 95 0 0 1
-1 190 190 0 0 95 0 0 49
+2 190
+2 95 95 0 0 4
90 285 0 190 95 0 105 1
375 95 0 95 0 0 93
90 95
374 95 0 95
90 95 0 95
400 190 0 95 0 0 16
90 190 0 95
413 303
-10 955 382 0 95 100 0 1 63
+2 360 90
+2 180
-1 270 90 0 0 83 0 0 18
78 630 270 0 90 20 0 1 7
+12 450 0 90 0 0 19
+3 305 165 50 25 11 23
cfi=(21)
cfn=(56)
calls=25 +51 
* 1264 207 0 128 99 0 13 21
* 75 25 0 25 4
+5 90 90 0 65 14 0 1
-1 90 90 0 0 19
+1 90
+2 178
+19 89 89 0 0 85 0 0 8
+1 801 356 0 20 149 0 1
452 900 450 0 84 21 0 1
148 2 0 0 1 0 0 1
+2 5 2 0 0 1
+30 35 20 0 10 0 0 2
-59 445 178 267 89 14 107 1 0 1
cfi=(21)
cfn=(56)
calls=89 +23 
* 4158 651 0 450 189 0 5
* 445 178 0 89 24

fn=(188) _dl_lookup_symbol_x
790 980 0 588 196 0 87 2 0 1
555 98 98 0 0 96 0 0 70
790 392 98 294 0 3 98 0 0 1
555 294
-1 196
+2 98
-1 98
+1 294 0 0 9 0 0 1
-1 294 98 0 0 7 0 0 1
+1 1258
-1 1258
+1 3774
-1 3872 1258 0 0 16 0 0 11
793 98
-1 98
+4 98 0 98 0 0 98
+4 98
-8 98 0 98 0 0 44 0 0 1
+1 98 0 98
+7 374 187 0 94 6 0 1
+5 294 98 0 0 94
+6 294 98 0 0 12
-7 1078 196 392 94 0 1 1
+15 32
-8 48 16 0 0 16
+2 1274 490 686 94 0 46 1 0 1
cfn=(190)
calls=98 338 
* 35834 11629 3153 2674 4452 971 38 200 5
+3 474 90 0 1 90
+25 196 98 0 94 8 0 1
+24 630 180 0 0 62
+31 90
+9 360 90 0 0 23
+14 270 90 0 90 90 0 1
+3 360 180 0 0 91
+5 90 0 90 0 0 4
+2 898 686 0 8 194
-86 48 8 0 8 7 0 1
+17 8 0 8 7 0 1 1
+1 16
+59 2 0 1 1 0 0 1

fn=(10)
939 12 4 0 4 1 0 1
+4 4 4 0 0 3
+4 8 4 4 0 4 4 0 4 1
+2 4 4 0 0 1 0 0 1
-1 4 4
+3 12
+1 4 0 4 0 0 1
+1 4 0 0 4 0 0 1
+3 4
-3 4 4 0 0 1
+7 4
-4 4
-1 4 0 4 0 0 1
+3 4 0 4 0 0 1
+2 4
-7 4 0 4
+7 4 0 4
+1 4 4 0 0 1

fl=(25)
fn=(68)
42 4 0 3 1 0 0 1
+1 1
-1 8 0 6 1 0 1 1 0 1
+1 4 0 1 0 0 1 0 0 1
-1 1 0 1
+1 1 0 1
cfi=(9)
cfn=(26)
calls=1 373 
* 18 4 1 2 1
* 1 1 0 1
+3 3
-3 1 0 1
+12 6 1 0 1 1 0 1
+1 3
+1 1
-2 1
+2 1
-2 5
+1 3
+1 1
-2 1
+2 1
-2 5
+10 3 1 0 0 1
fi=(26) /build/glibc-OTsEL5/glibc-2.27/elf/../sysdeps/unix/sysv/linux/not-errno.h
-37 4 0 0 1 0 0 1
fe=(25)
131 4
-2 1
+17 6 0 0 1 0 0 1
+3 2
329 9 7 0 1 0 0 1
69 3 0 0 1 0 0 1
+77 1
+20 1
-19 1
+36 10 0 1
+1 3 1 1 1 0 1 1 0 1
-1 2
+1 3 1 1
fi=(27) /build/glibc-OTsEL5/glibc-2.27/elf/../sysdeps/x86/dl-hwcap.h
57 6 0 2
fe=(25)
186 1 0 1
+1 1 0 1 0 0 1 0 0 1
cfi=(13)
cfn=(28)
calls=1 79 
* 16 2 0 2 1 0 0 1
+1 1 1
-1 1 0 1
+1 3
-5 1 1
+5 1
-5 1
+5 2
-5 5 1 0 1 0 0 1
+8 3 1
+2 1 0 1
+1 6 1 1 1 0 0 1
+4 1
+4 1
-3 1 0 1
-1 1 0 1
+4 2 1
+3 4 0 1
+4 3 0 0 1 0 0 1
+1 1
-1 5 1 2
+1 3 1
+2 3
+2 2 1
-1 1 0 0 1 0 0 1
+1 1
-1 1
+2 2
+7 2
+6 11 1 5 1 0 1 1
+1 4 0 1
cfi=(19)
cfn=(46)
calls=1 50 
* 18 3 3 4 1
* 1 1 0 1 1
+1 1 0 0 1
-1 1
+1 3 2 0 1 0 0 1
+29 13 1 5 0 0 1
+3 4 1 1 1 0 0 1
+7 1 1
+10 12 2 6 1 0 0 1
-4 2 2
-3 1
+3 1 0 1
cfi=(20)
cfn=(74)
calls=1 116 
* 16 3 2 3 1 1 2 1 1
* 2 2
-3 1
+3 1 0 1
cfi=(20)
cfn=(74)
calls=1 116 
* 16 3 2
* 6 2 2
+3 7 2
+1 12 0 0 1 0 0 1
+1 4 2 1
cfi=(20)
cfn=(74)
calls=1 116 
* 14 3 2 0 1
-2 1
+2 2 0 1
-2 1
+5 6 2 2 1 0 0 1
cfi=(20)
cfn=(74)
calls=2 116 
* 28 6 4 0 1
+2 2
-2 4 0 2
+2 5 3
-7 3 1
+12 1
+1 2 0 1
-1 9 0 0 1 0 0 1
+1 14 0 7 0 0 1 0 0 1
-1 18 2
+5 10
+4 3 0 0 1 0 0 1
-4 12
+4 33
+1 12 12
-1 12
+1 24 0 12
-2 12
+1 24
-1 39
+4 6
+5 1 1
-2 1 1
+2 1
-1 1 0 0 1 0 0 1
-1 2
+2 1
-1 1
+1 4
+2 6
+1 2 2
+3 2 0 1
-6 5 0 0 1 0 0 1
+13 8 3
+1 1
-1 2 0 1
+3 2
-3 3 3
+1 3
-1 6 0 3
+3 6
+3 3 2 1
+2 2 1 0 1 0 0 1
-15 2 0 1
-6 3
-42 2 0 0 1 0 0 1

fl=(20)
fn=(74)
116 26 0 0 13 0 0 1
+1 26
+1 26
+13 26 0 0 3
+1 26
+1 4
+1 4
+5 3 3 0 0 3
+1 3 3
+1 3 0 3 0 0 2 0 0 1
+1 3 0 3
+5 3 3 0 0 1
267 22
+1 22
+1 8
+1 8
+1 3
+1 3
+1 1
+4 1 1
+22 14 14 0 0 5
+1 14 14
+1 14 0 14 7 0 4 0 0 2
+1 14 0 14
+1 14 14
+3 5 5 0 2 4
+1 5 5
+1 5 0 5
+1 5 0 5
+1 5 5
+3 2 2 0 1 1 0 1 1
+1 2 2
+1 2 0 2 0 0 1 0 0 1
+1 2 0 2
+1 2 2
+10 1 0 0 1
+1 1
+1 1
+1 1
+22 1 1 0 1
+1 1 1
+1 1 1
+1 1 1
+1 1 0 1
+1 1 0 1
+1 1 0 1
+1 1 0 1
+2 1 1

fn=(48)
129 14 0 0 13 0 0 1
+2 14
+1 14
+1 8
+1 8
+5 5 5 0 0 1
+1 5 5 0 0 1
+1 5 0 5 0 0 2 0 0 2
+1 5 0 5
+5 5 5
267 6
+1 6
+1 1
+1 1
+1 1
+1 1
+1 1
+1 1 1 0 0 1
+1 1 0 1 0 0 1 0 0 1
+2 1 1
+22 5 5 0 0 2
+1 5 5
+1 5 0 5 4 0 3 0 0 1
+1 5 0 5
+1 5 5 0 0 2
+24 3 0 0 3
+1 3
+1 3
+1 3
+22 3 3 0 3 0 0 1
+1 3 3 0 3 0 0 1
+1 3 3 0 0 1
+1 3 3
+1 3 0 3 0 0 3 0 0 2
+1 3 0 3
+1 3 0 3 0 0 3 0 0 3
+1 3 0 3
+2 3 3 0 0 1

fl=(46)
fn=(142)
27 12 0 0 3 0 0 1
+1 3 3

fl=(47)
fn=(144)
27 7 0 1 2 0 1 2
+4 1 1

fl=(49)
fn=(152)
34 8 0 0 8 0 0 1
-1 8
+1 8
+1 48 0 0 8
+4 1 1
-4 28 7 7

fl=(21)
fn=(56)
144 230 0 0 230 0 0 1
+1 230
+2 230
+1 230
+21 230
+1 230
+1 142
+1 142
+1 128 128 0 0 89 0 0 10
+1 128 128 0 0 86 0 0 1
+1 128 128 0 69 4
+1 128 128 0 0 4
+21 128
+1 128
+1 128
+1 128
+1 128
+1 128
+1 128
+5 6
+1 6
+9 6
+1 6
+1 6
+1 6
+1 6 0 0 4
+1 6
+1 6
+1 6
-7 102 0 0 92 0 0 1
+1 102
+1 102
+1 102
+1 102 0 0 98 0 0 1
+1 102
+1 102
+1 102
+1 44
+1 24
+1 24
+1 24
+2 24
+1 24
+1 24
+1 24 24 0 0 19 0 0 1
+1 24
+1 24
-5 20
+1 20
+1 20
+1 20 20 0 0 19 0 0 1
+1 20
+1 20
+10 64 64 0 0 64
+1 64
+1 64
+2 64 64
+6 64 0 0 64 0 0 1
+1 64
+1 64
+1 64
+1 64
+5 64
+2 64
+1 64
+1 128
+8 64 64 0 0 43
+1 64 64
+3 64
+1 64 0 0 3 0 0 1
+1 64
+1 64
+1 64
+1 64
+31 2 0 0 2 0 0 1
+1 2 2 0 0 2 0 0 1
+1 2 2 0 0 2
+1 2
+1 2
+2 2
+1 2
+1 2
+1 2
+1 2
+1 2
+1 2
+1 2 2 0 2 0 0 1
+3 2
+1 2
+1 2
+6 2
+1 2
+1 4
+4 2
+1 2
+3 2 2 0 0 2 0 0 1
+1 2 2 0 2 2 0 1 1
+1 2
+3 2
+1 2
+1 2
+6 2
+1 2
+1 2
+1 2
+1 2
+1 2
946 4 0 0 4 0 0 1
+1 4 4 0 0 3
+1 4 4 0 0 3
+1 4
+1 4
+2 4
+1 4
+1 4
+1 4
+1 4
+1 4
+1 4
+1 3 3 0 3 0 0 1
+4 3
+1 3
+1 3
+6 3
+1 3
+1 6
+4 3
+1 3
+3 3 3 0 0 2 0 0 1
+1 3 3 0 3 1 0 1 1
+1 3
+3 3
+1 3
+1 3
+6 3
+1 3
+1 3
+1 3
+1 3
+1 3
+72 4 0 0 4 0 0 1
+1 4 4 0 0 1
+1 4 4 0 0 1
+1 4
+1 4
+2 4
+1 4
+1 4
+1 4
+1 4
+1 4
+1 4
+1 1 1 0 1 1 0 1
+4 1
+1 1
+1 1
+6 1
+1 1
+1 2
+4 1
+1 1
+3 1 1 0 0 1
+1 1 1 0 1 1 0 1
+1 1
+3 1
+1 1
+1 1
+6 1
+1 1
+1 1
+1 1
+1 1
+1 1
+72 3 0 0 2 0 0 1
+1 3 3 0 0 1 0 0 1
+1 3 3 0 0 3
+1 3
+1 3
+2 3
+1 3
+1 3
+1 3
+1 3
+1 3
+1 3
+1 1 1 0 1 0 0 1
+4 1
+1 1
+1 1
+6 1
+1 1
+1 2
+4 1
+1 1
+3 1 1 0 0 1
+1 1 1 0 1 0 0 1
+1 1
+3 1
+1 1
+1 1
+6 1
+1 1
+1 1
+1 1
+1 1
+1 1
+72 1 0 0 1 0 0 1
+1 1 1 0 0 1 0 0 1
+1 1 1 0 0 1
+1 1
+1 1
+2 1
+1 1
+1 1
+1 1
+1 1
+1 1
+1 1
1696 3 0 0 3 0 0 1
+1 3 3 0 0 2
+1 3 3 0 0 2 0 0 1
+1 3
+1 3
+2 3
+1 3
+1 3
+1 3
+1 3
+1 3
+1 3
+1 2 2 0 2 0 0 1
+4 2
+1 2
+1 2
+6 2
+1 2
+1 4
+4 2
+1 2
+3 2 2 0 0 1 0 0 1
+1 2 2 0 2 1 0 1 1
+1 2
+3 2
+1 2
+1 2
+6 2
+1 2
+1 2
+1 2
+1 2
+1 2
+7 1
+1 1
+2 1
+1 1
+2 1 1 0 1 0 0 1
+1 1 1
+1 1
+3 1
+1 1
+1 1
+6 1
+1 1
+1 1
+1 1
+1 1
+1 1
+41 5 0 0 5 0 0 1
+1 5 5 0 0 5
+1 5 5 0 0 5 0 0 1
+1 5
+1 5
+2 5
+1 5
+1 5
+1 5
+1 5
+1 5
+1 5
+1 5 5 0 5 0 0 1
+4 5
+1 5
+1 5
+6 5
+1 5
+1 10
+4 5
+1 5
+3 5 5 0 0 5 0 0 1
+1 5 5 0 5 1 0 1
+1 5
+3 5
+1 5
+1 5
+6 5
+1 5
+1 5
+1 5
+1 5
+1 5
+72 6 0 0 4 0 0 1
+1 6 6 0 0 5
+1 6 6 0 0 2
+1 6
+1 6
+2 6
+1 6
+1 6
+1 6
+1 6
+1 6
+1 6
+1 1 1 0 1 0 0 1
+4 1
+1 1
+1 1
+6 1
+1 1
+1 2
+4 1
+1 1
+3 1 1 0 0 1 0 0 1
+1 1 1 0 1 0 0 1
+1 1
+3 1
+1 1
+1 1
+6 1
+1 1
+1 1
+1 1
+1 1
+1 1
+72 16 0 0 13 0 0 1
+1 16 16 0 0 15 0 0 2
+1 16 16 0 0 10 0 0 1
+1 16
+1 16
+2 16
+1 16
+1 16
+1 16
+1 16
+1 16
+1 16
+2 11 11 0 10 0 0 1
+4 11
+1 11
+1 11
+6 11
+1 11
+2 22
+4 11
+1 11
+3 11 11 0 0 10
+1 11 11 0 10 9 0 1
+1 11
+3 11
+1 11
+1 11
+6 11
+1 11
+1 11
+1 11
+1 11
+1 11
+74 90 0 0 90
+2 90
+1 90
+1 90
+1 90
-3 18 0 0 18 0 0 1
+1 18
+1 18
+1 18
+1 72
+5 24
+6 24 24
+1 24 24 0 0 1
+8 24
+1 24 24 0 0 5
-16 206 0 0 122
+6 206 206 0 0 1
+1 206 206 0 0 5
+8 206
+1 206 206 0 0 48

fl=(29)
fn=(84)
24 6 0 0 5 0 0 1
+1 6
+1 6
+1 6
+1 6
+1 6
+1 6
+1 6
+1 6 6 0 0 2 0 0 2
+1 6
+1 6
+1 6 0 0 4 0 0 1
+1 6
+1 6
+1 6
+1 6
+1 6
+1 4
+4 4
+1 4
+1 4 4
+1 4
+2 4 4
+4 2 2
+1 2
+1 2
+1 2
+1 2
+1 2 0 0 2 0 0 1
+1 2 2 0 0 2 0 0 1
+1 2
+1 2
+1 2
+1 2
+1 2
+1 2
+1 2 2
+1 2
+1 2
+1 2
+1 2
+1 2
+1 2
+1 2
+1 2 0 0 2 0 0 1
+1 2
+1 2
+52 2 0 0 2 0 0 1
+4 2
+1 2
+1 2 2
+1 2 0 0 2 0 0 1
+2 2 2

fl=(54)
fn=(180)
148 40 0 24 4 0 0 1
+15 4
-15 8 0 8 0 0 2
+15 4
+1 20 4 4 4 4 0 1
+6 12 8 0 0 2
+6 16 4
+1 8 4 0 4 4 0 1
-19 6
+22 6
+7 4 4 0 0 1
-32 4 0 4 0 0 3
+32 4
+44 4 4 0 0 4
fi=(5)
76 4 4
fe=(54)
231 8 4 4 4 4 2 1
fi=(5)
76 12
fe=(54)
258 146 56 40 10 25 11 3
-99 2
fi=(5)
481 6 0 2 0 0 1
fe=(54)
159 4 0 4 2 0 0 1
+99 2 2
fi=(4)
48 2 2 0 0 2
fe=(54)
258 2 2
fi=(4)
47 2 2
+11 2 2
-11 2
+11 2
-11 2 0 2
+11 2
fe=(54)
258 2 0 0 2
-99 2
fi=(5)
481 6 0 2 0 0 2
fe=(54)
159 4 0 4
+99 2 2
fi=(4)
48 2 2 0 0 1
fe=(54)
258 2 2
fi=(4)
47 2 2
+11 2 2
-11 2
+11 2
-11 2 0 2 0 0 1
+11 2
fe=(54)
258 4 4 0 4
fi=(4)
48 4 4 0 0 3
fe=(54)
258 4 4 0 0 4
fi=(4)
47 4 4
+11 4 4
-11 4
+11 4
-11 4 0 4
+11 4
+26 6 6 0 0 5
+14 12
-15 12 6 6 6 5 2 1
+3 24 12 0 0 4
+12 6
+10 8
+10 18 6 0 0 6
+6 5 5 0 5 1 0 1
-3 10 5 5 0 5
+3 5
fi=(5)
491 3 0 3 0 0 1
fi=(4)
51 3 0 3
fi=(5)
491 3
fi=(4)
50 6 0 3
+77 444 111 0 92 36 0 1 29
+12 222 222 0 0 102
-3 333 111 0 0 7
fi=(5)
276 111
fi=(4)
139 111 0 111
-2 111 111
-1 111 111 0 0 98 0 0 39
+1 111 0 0 92 0 0 1
+1 111 111 0 0 64
-1 222 0 111 0 0 2
fi=(5)
276 111
+21 222
+4 222
+7 444 111 0 0 107 0 0 79
fi=(55)
102 282 94 0 92 0 0 1
fi=(5)
308 1758 94 0 91 29 0 1 1
fi=(4)
138 91
fi=(5)
308 182 0 91
fi=(4)
138 91
fi=(5)
308 91 0 91 0 0 64
fi=(4)
138 91 0 0 6 0 0 1
fi=(5)
308 1274 364 273 0 119 33
cfi=(6)
cfn=(188)
calls=91 790 
* 51904 14537 5139 3150 4883 1261 46 269 1
* 546 273 182 182 9 113 1
+2 282
+25 666 111 0 16 92 0 0 2
fi=(4)
74 4 0 0 2 0 0 1
+1 7 1 0 0 1
+1 78 39 0 0 11
fi=(5)
551 39 39 0 0 2
+24 78 78 0 0 39 0 0 1
+2 39 0 39 0 0 4
cob=(3)
cfi=(77)
cfn=(274)
calls=1 42 
* 77 11 5 7 3 1 3
cob=(3)
cfi=(58)
cfn=(270)
calls=1 32 
* 6 3 0 2 1 0 2
cob=(3)
cfi=(60)
cfn=(268)
calls=1 32 
* 8 3 0 2 1 0 1
cob=(3)
cfi=(57)
cfn=(266)
calls=1 33 
* 9 4 0 1 1 0 1
cob=(3)
cfi=(57)
cfn=(264)
calls=1 33 
* 9 4 0 2 1 0 1
cob=(3)
cfi=(70)
cfn=(262)
calls=1 30 
* 6 3 0 1 0 0 1
cob=(3)
cfi=(64)
cfn=(260)
calls=1 32 
* 8 3 0 2 1 0 2
cob=(3)
cfi=(60)
cfn=(258)
calls=1 32 
* 8 3 0 2 1 0 1
cob=(3)
cfi=(58)
cfn=(254)
calls=1 32 
* 6 3 0 2 1 0 1
cob=(3)
cfi=(60)
cfn=(252)
calls=1 32 
* 8 3 0 1 1 0 1
cob=(3)
cfi=(60)
cfn=(250)
calls=1 32 
* 8 3 0 2 2 0 1
cob=(3)
cfi=(74)
cfn=(248)
calls=1 40 
* 8 3 0 1 2 0 1
cob=(3)
cfi=(70)
cfn=(246)
calls=1 30 
* 6 3 0 1 1
cob=(3)
cfi=(73)
cfn=(244)
calls=2 32 
* 26 6 0 2 3 0 2
cob=(3)
cfi=(72)
cfn=(242)
calls=1 40 
* 7 3 0 1 1 0 1
cob=(3)
cfi=(56)
cfn=(240)
calls=1 44 
* 16 4 0 3 1 0 3
cob=(3)
cfi=(57)
cfn=(238)
calls=1 33 
* 9 4 0 0 1
cob=(3)
cfi=(58)
cfn=(234)
calls=1 32 
* 6 3 0 2 1 0 1
cob=(3)
cfi=(70)
cfn=(232)
calls=1 30 
* 6 3 0 2 0 0 2
cob=(3)
cfi=(60)
cfn=(230)
calls=2 32 
* 16 6 0 4 2 0 2
cob=(3)
cfi=(64)
cfn=(228)
calls=2 32 
* 16 6 0 4 2 0 2
cob=(3)
cfi=(69)
cfn=(226)
calls=1 42 
* 18 4 0 2 1 0 2
cob=(3)
cfi=(68)
cfn=(224)
calls=1 38 
* 9 4 0 1 1 0 1
cob=(3)
cfi=(67)
cfn=(222)
calls=1 38 
* 8 4 0 1 1 0 1
cob=(3)
cfi=(65)
cfn=(218)
calls=1 33 
* 13 4 0 2 1 0 1
cob=(3)
cfi=(56)
cfn=(216)
calls=1 44 
* 16 4 0 3 1 0 3
cob=(3)
cfi=(64)
cfn=(214)
calls=2 32 
* 16 6 0 2 2 0 1
cob=(3)
cfi=(60)
cfn=(212)
calls=1 32 
* 8 3 0 1 1 0 1
cob=(3)
cfi=(61)
cfn=(206)
calls=1 43 
* 77 11 5 7 3 1 7 1
cob=(3)
cfi=(60)
cfn=(204)
calls=1 32 
* 8 3 0 1 1 0 1
cob=(3)
cfi=(57)
cfn=(202)
calls=1 33 
* 9 4 0 1 1 0 1
cob=(3)
cfi=(58)
cfn=(198)
calls=1 32 
* 6 3 0 2 1 0 2
cob=(3)
cfi=(57)
cfn=(196)
calls=1 33 
* 9 4 0 1 1 0 1
cob=(3)
cfi=(56)
cfn=(194)
calls=2 44 
* 32 8 0 6 5 0 3
-26 39 0 0 2
+27 39 0 39 0 0 12 0 0 2
fi=(4)
75 121 1 1 5 0 1
fe=(54)
258 2 1
fi=(4)
75 14 7 7 4 0 0 1
fe=(54)
258 14 7
+3 16 4
+24 4 0 4 0 0 4
+3 8 4 0 4 1 0 1
+17 12 4 0 0 4
+8 20 12 0 0 3
+3 4
-3 4
+3 4
+4 8
+1 12 0 4 4 0 1 1
cfi=(44)
cfn=(136)
calls=4 78 
* 20 4 0 4
* 8
-14 32 28 0 0 4
fi=(5)
131 6 2 0 2 2 0 1
458 376 188 94 91 102 94 1 11 6
fi=(4)
124 333 111 0 111 8 0 1
+19 15 6 0 0 2
fi=(5)
430 51 17 0 17 0 0 1
+4 68 17 0 0 4
+5 17 17
+9 17 17
-9 34 17 0 0 9 0 0 2
+9 34 0 17 0 0 9 0 0 8
308 34 0 0 17
+5 17 17
-3 34 34 0 0 4
+3 141 90 0 90 45 0 1
-3 180 180 0 0 96
+3 270
+3 5 2 0 1 1 0 1
+3 2
+1 3 1
+1 2
+4 1 0 1 1 0 0 1
+7 1 0 1
cob=(3)
cfi=(77)
cfn=(274)
calls=1 42 
* 77 11 5 7 4
* 3 1
-24 45 0 0 15 0 0 1
fi=(4)
61 4 0 0 4 0 0 2
-10 2
-1 4
fi=(5)
551 16 8
+4 16
+2 24 8 0 0 4
+1 8 0 8 0 0 6 0 0 4
fi=(4)
61 141
+2 188 47 0 2 19 0 1 17
+2 119
+46 9 0 0 4 0 0 1
fi=(5)
541 1243 1243 0 0 156 0 0 156
fi=(4)
111 1243
fi=(5)
541 1243
fi=(4)
111 1243
fi=(5)
541 1243 0 1243 0 0 310 0 0 233
fi=(4)
111 1243
fi=(5)
535 1243 1243 0 3 366 0 1 311
fi=(4)
112 2486 1243 0 0 10
fi=(5)
535 2486
+5 2486
fi=(4)
50 1
160 1 1 0 1 0 0 1
51 1 0 1 0 0 1
160 4 0 2
+2 20 5 0 4 1 0 0 1
+9 10 10 0 5 0 0 1
-1 5 5
+1 5 0 5
-1 10
fi=(5)
276 5
fi=(4)
170 15 0 5
fi=(5)
276 5
+21 10
+4 10 0 0 2 0 0 1
+7 20 5 0 0 5 0 0 3
fi=(55)
102 15 5
fi=(5)
308 170 20 30 6 4 1 2
cfi=(6)
cfn=(188)
calls=5 790 
* 2413 644 217 82 222 52 1 8
* 35 20 10 5 5 5 1
+2 15
+25 30 5 0 5 5 0 0 1
fe=(54)
-77 10 0 2 1 0 1
fi=(5)
82 4 4 0 2 2 0 1
+4 6 2 0 0 2 0 0 1
+14 2 2 0 2 0 0 1
-8 2 0 2
+8 4
+20 4 2 0 0 2
+4 8 2 0 2 0 0 1
-2 4 0 2 0 0 2
458 20 10 5 5 5 5 0 1 1
fi=(4)
160 17 7 0 5 0 0 1
+14 2
fi=(5)
313 1 1 0 1 1 0 1
-3 2 2 0 0 1
+3 3
-5 87 9 6 12 3 3 4
fe=(54)
180 3 0 0 2 0 0 2
fi=(5)
308 6 0 0 3 0 0 1
fe=(54)

fl=(107) /build/glibc-OTsEL5/glibc-2.27/elf/../elf/dl-runtime.c
fn=(394) _dl_fixup
66 4 0 2 2
+6 4
-6 2
+3 4 4 0 2 4 0 1
+3 6 4 0 0 4
-4 2 2 0 0 2
+5 2 2 0 0 2
+2 2 2
-2 10 2 0 0 2
+2 2 2 0 0 2
-2 2 0 2 0 0 1
+2 2
+5 4 0 0 2 0 0 1
+4 4 2 0 0 2
+4 2 2 0 0 2
+7 2
-7 4
+4 4 4 0 0 4
+1 8 2 0 0 2
+2 8 2 0 2 2 0 1
+7 4 2 0 0 2
-1 2
+1 2
+10 18 4 6 2 2 2 1
cfi=(6)
cfn=(188)
calls=2 790 
* 1847 507 150 138 162 37 2 5 8
* 2 0 0 2
+4 10 6 0 0 3
+10 14 4 0 0 2
+16 2 2 0 0 2
-8 2 2 0 0 1
+8 6
+4 6 2 0 2 2 0 1
fi=(5)
+96 2 0 2 0 0 2
fe=(107)
-92 6 4

fl=(32)
fn=(162)
51 4 2 0 1 2 0 1
+48 1 0 1
+4 1 1

fn=(280)
437 8 0 6 1 0 0 1
+1 1
-1 1 0 1
+1 1
+4 1 1 0 1 1 0 1
+6 2 2 0 0 2
-6 1 0 1
+6 1
+12 1 1
-15 1
+39 1
-24 1 0 1
-16 2
+21 9 2 1 1 1 0 1
+6 15 0 1 1
+3 1 1 0 1 0 0 1
+1 2
+6 3 2
+3 1 1 0 0 1
-2 1
+6 1 1
-6 1
+2 1 0 0 1 0 0 1
+4 1
-4 2 1
+3 1
-3 1 0 1 0 0 1 0 0 1
+1 1 0 1
+2 1
+4 2
+1 4 2 0 1 1 0 1
+2 2
+1 2 1
+12 1 1
-3 1 0 1
+3 2 0 1
cfi=(20)
cfn=(74)
calls=1 116 
* 12 3 2 2 1 1 0 0 1
* 5 0 1
cfi=(28)
cfn=(76)
calls=1 109 
* 33 1 12 4 0 2 0 0 2
* 7 5 0 2 0 0 1
-42 2
+52 1 0 0 1 0 0 1
+4 3 2 1 0 0 1
+3 8 7 0 1 0 0 1

fn=(278)
887 4 0 3 1 0 0 1
+9 1 1 0 0 1
-3 2 1 0 1 0 0 1
+8 7 2 0 0 1
+41 1 0 1
+1 1 0 1 1 0 0 1
+1 4 4

fn=(178)
332 1 0 1 1 0 0 1
+2 1 1
-2 2 0 2
+13 1 1
+1 2 0 1
cfi=(19)
cfn=(46)
calls=1 50 
* 18 3 3 1 1
* 1 1 0 1 1
+1 3 0 0 1
+8 2
-69 1 0 0 1 0 0 1
+69 2
+1 1
+4 297 0 289 1 0 37 1 0 36
+19 1 0 1 0 0 1 0 0 1
-94 2 1 0 0 1
+1 2 0 1 0 0 1
cfi=(19)
cfn=(42)
calls=1 92 
* 27 4 3 2 1
* 1 1 0 1 1
+1 2
+3 1 0 1
+6 2 0 1 0 0 1
+89 5 4

fn=(94)
113 2 1 0 1 1 0 1
+1 2 2 0 0 2 0 0 1

fn=(176)
141 1 1 0 1 0 0 1
-6 5 0 5
+6 2 0 0 1 0 0 1
+3 2 1
+36 3 1
+2 4 1
-2 1
-2 1
-40 1
-1 1
-1 2 0 0 1 0 0 1
+69 2
+3 2
-3 5
+2 2
+10 1 0 1 0 0 1
-37 2 1
+25 1
-25 2
+5 1 1 0 1 1 0 1
-1 1 1
+5 2 1
-4 1
-1 2
+3 2
+2 3 0 0 1 0 0 1
-9 5 0 0 1 0 0 1
+93 1 1
-53 1 0 1
+1 1 0 1
+52 1 1
-1 1 0 1
+1 4 4

fl=(19)
fn=(80)
265 4 2 0 2 1 0 1
+2 2 2
+1 4
+4 33 1 0 1 0 0 1
+7 84 28
-2 56 28
+13 1 0 1
+4 2 2 0 1
-7 14
-15 44 14 0 1 0 0 1

fn=(90) free
111 4 2 0 1

fn=(42)
92 8 0 0 6 0 0 1
+8 8
-1 16
-3 8
+4 16
+3 8 0 0 7 0 0 1
cfn=(46)
calls=8 -53 
* 210 35 35 27 9 2 5
* 8 8 0 5 0 0 1

fn=(46)
50 87 43 0 35 17 0 1
+11 42
+3 21
-3 21 0 21
+3 42
-3 2 0 0 1 0 0 1
+3 1
-3 1 0 1
+3 86
-15 3 0 2 0 0 1
+20 4 1 0 1 1 0 1
+1 2
+2 1
+1 8 0 1
cfi=(42)
cfn=(132)
calls=1 -29 
* 35 7 6 2 0 1
+2 2 0 0 1
+2 3 1
+2 1
+3 1 0 1
-3 2 0 1
+4 1 0 1
+2 5 3
-2 21 0 21 17 0 0 1
-1 21 0 21 14
+3 42 21 0 0 1
-29 1 1 0 1 1 0 1
-1 1
+1 1
+1 2
-2 2 0 1

fl=(36)
fn=(156) _dl_sysdep_read_whole_file
44 2 0 2 1 0 0 1
+3 1
-3 3 0 2
+3 1
-3 3 0 0 1 0 0 1
+3 1 0 1 0 0 1
cfi=(37)
cfn=(120)
calls=1 -8 
* 16 1 1 2
+1 2 0 0 1
+2 5 0 1
cfi=(41)
cfn=(130)
calls=1 -16 
* 10 1 0 1
* 2
+2 1 1 0 0 1
+3 1
-3 1 0 1
+3 1
+13 2 0 1
cfi=(46)
cfn=(142)
calls=1 -41 
* 5 1 0 1
+3 7 5
-14 6 0 1 1 0 0 1
cfi=(42)
cfn=(132)
calls=1 -13 
* 35 7 6 2
* 2

fn=(116)
282 260 0 104 43 0 0 1
+1 104 52 52 0 34 10 0 0 1
cfi=(21)
cfn=(56)
calls=52 144 
* 1338 360 0 155 122 0 3
* 52
+1 52
-1 52
+3 52 52 0 0 40
+2 104
+6 49
+1 245 147 0 0 2
-3 53 53 0 0 2
-4 106
+1 168 56 56 52 56 5 1
cfi=(21)
cfn=(56)
calls=56 144 
* 1512 394 0 114 65 0 1
* 112 0 0 56
+6 3
-11 3
+11 12 9

fl=(50)
fn=(284)
326 4 1 0 1 1 0 1
-1 1
+3 2 1 1
cfi=(44)
cfn=(286) munmap
calls=1 78 
* 5 1
+1 1 0 1 1 0 0 1
+2 2 1

fn=(154)
187 9 0 6 1 0 0 1
+8 2 1 0 1 1 0 1
+3 3 1 0 0 1 0 0 1
+45 1 0 0 1
+6 2
+11 1 1 0 0 1
-2 1
fi=(51) /build/glibc-OTsEL5/glibc-2.27/elf/../sysdeps/x86/dl-procinfo.h
39 1 0 0 1 0 0 1
fe=(50)
258 2 0 1
fi=(51)
39 3 0 1
+3 3 0 1 0 0 1
cfi=(21)
cfn=(56)
calls=1 144 
* 24 7 0 3 2
* 2
fe=(50)
264 4 0 1 1 0 0 1
cfi=(9)
cfn=(26)
calls=1 373 
* 18 4 1 2 1
* 1 1
fi=(26)
28 2
fe=(50)
264 1 0 1
fi=(26)
28 2
fe=(50)
266 2
fi=(26)
32 3 0 0 1 0 0 1
fe=(50)
270 2 1 1 0 1
+15 1 1 0 0 1
-15 1 0 1
+15 142 19 11 2 10 1 2 9
cfn=(160) _dl_cache_libcmp
calls=9 141 
* 656 101 0 5 27 0 4 9
* 58 3 3 2 0 0 2
cfn=(160)
calls=1 141 
* 71 11 0 0 3 0 0 1
* 7 3 1 1 1 0 1
-84 4 0 1 1 0 1 1 0 1
cfi=(36)
cfn=(156)
calls=1 44 
* 107 16 16 10 1 1 3
+8 1 0 0 1
-8 1
+8 4 1 0 1 0 0 1
+1 7 3 0 0 1 0 0 1
+7 1 1
-3 1 0 1
+3 3 0 0 1 0 0 1
+3 1
+1 2
-1 1 0 1
+1 1
+1 8 3 0 1 2 0 1 2
+63 3 0 1 2 0 0 2
+16 2 1 0 0 1
+4 2 1
+8 3 1 1
cfi=(13)
cfn=(28)
calls=1 79 
* 34 5 0 3
* 2
+1 1
-1 4 0 0 1 0 0 1
+1 2 0 1 0 0 1
cfi=(20)
cfn=(48)
calls=1 129 
* 10 3 2 1
+1 2 0 1
cfi=(30)
cfn=(86)
calls=1 40 
* 80 14 9 9 3 1 0 0 1
+1 8 7 0 0 1
-19 2 1 0 1 0 0 1
-27 4 2 0 1 0 0 1
+1 3 1
-1 7 1 1 1 0 0 1
+15 15 1 2 1 1 0 1 1
cfn=(160)
calls=1 141 
* 144 21 0 2 3 0 0 1
* 19 8 0 1 1 0 1
fi=(51)
42 3 0 1 1 0 1
fe=(50)
297 3 0 0 1 0 0 1

fn=(160)
141 22 22 0 1 22 0 1 11
+1 26
+2 236 0 0 2 0 0 1
+20 114
+2 210 96
+4 48
+1 48
-29 96
+32 6 2 0 0 2
-28 4
+6 2 0 0 2 0 0 1
+2 2 2
-1 2
-1 4
+1 2
-1 2
+2 6
+2 6 2 0 1 0 0 1
-3 2
+3 2
+2 4
+9 27 9 0 1 9

fl=(11)
fn=(62)
45 4 0 3 1 0 0 1
+2 3 1
+85 5 4
-45 3 0 1 1 0 1 1 0 1
cfi=(23)
cfn=(64)
calls=1 -9 
* 5 1 0 1 0 0 1
* 1
+15 1
-15 1 0 0 1 0 0 1
+20 1
-1 1
+3 12 3 0 0 1 0 0 1
+4 3 3
-2 6
+2 10
+2 1
+1 2
-3 4 1
+7 3 0 0 1 0 0 1
-1 3
+4 3
-2 3
+2 10
+5 2

fl=(9)
fn=(26)
373 102 17 0 5 16 0 1
+4 17 17 0 0 5
-4 66
+9 3 0 3 0 0 1
+1 3
-6 14 0 14 3 0 4 1
+22 85 17 0 1 3
+2 17 17 0 0 1

fn=(16) __GI___tunables_init
289 8 0 6 1 0 1 1 0 1
-9 3 1
150 4 0 2 1 0 1 1 0 1
-82 203 67 0 0 66
+6 66 66 0 0 31 0 0 16
-3 66
+3 5650 760 0 1 15 0 1 15
+4 132
+5 66
297 66 0 0 1 0 0 1
83 66
297 66
fi=(10) /build/glibc-OTsEL5/glibc-2.27/elf/dl-tunables.h
121 132
-1 50 10
+1 20
-1 8 8
+1 32
-1 40 8 0 0 2 0 0 1
fe=(9)
330 264 66 0 1 65 0 1
-12 7260 2904 0 0 859
fi=(10)
120 2376 1188 0 0 591 0 0 7
+1 2554
-1 228 76 0 0 1
fe=(9)
312 5874 0 0 2 0 0 2
68 132
364 8 7 0 0 2

fl=(106)
fn=(392)
71 2 0 2 2 0 0 1
+3 2
+2 2
+10 2 2 0 0 2
+6 2 0 2 0 0 2 0 0 1
+1 2 0 2
+1 2 0 2
+1 2 0 2
+1 2 0 2
+1 2 0 2
+1 2 0 2
+4 2
+1 2
+3 2 0 2 0 0 2
+1 2 0 2 2 0 0 1
+2 2 0 2
+1 2 0 2
+1 2 0 2
+1 2 0 2
+1 2 0 2
+1 2 0 2
+2 2 0 68 0 0 20 0 0 2
+7 2 2 0 1 0 0 1
+1 2 2
+1 2 0 2 0 0 2 0 0 1
cfi=(107)
cfn=(394)
calls=2 -59 
* 2001 563 162 152 204 42 7 5 8
+1 2 0 0 2
+5 2
+1 2
+1 2 72 0 0 22
+2 2 2 0 0 2
+1 2 2
+1 2 2
+1 2 2
+1 2 2
+1 2 2
+1 2 2
+2 2
+2 2 2 0 2 2 0 1
+4 2
+3 2

fl=(44)
fn=(136)
78 24 0 0 6 0 0 1
+1 6 6

fn=(286)
78 4
+1 1 1

fl=(48)
fn=(146)
159 1 0 0 1 0 0 1
-1 1 0 1
+1 1
-1 5 0 3
+1 1
-1 2 0 2
+1 1
-1 2 0 1 1 0 1 1
+1 1
-1 1 0 1
+1 1
-8 1 1 0 0 1
+8 2
-8 1
-6 1
+14 1
-8 1
+24 1
-32 1 0 1 0 0 1
+1 1 0 1
+1 1 0 1
+6 1 0 1 1 0 0 1
+24 2
-28 2
-2 1
+31 1 1
-33 3 0 1
+2 2
-1 1 0 1 0 0 1
+1 2 0 1 1 0 0 1
+6 3 1 0 0 1
+24 1
-24 1 0 1
+24 7 2 2
+4 1 0 1 1 0 0 1
+19 1 1
+2 2 0 2
-14 1 0 1 0 0 1
-1 1 0 1
+13 5 0 4 1 0 0 1
+11 1 0 1
+4 4 2 0 0 1
-4 3 0 3 3
+4 12 6 0 0 3
+12 12 8 0 4 5 0 1
+2 2 2
+8 2 2
-8 2 2 0 0 1
+6 2 0 2 0 0 2
-6 2 2 0 0 2
+6 2
+1 2 2
+4 2 2 0 0 1
-3 2 0 2
-3 2 0 2
+2 2 0 2
+4 8 4 0 2 2 0 1
+66 2
-98 2
+98 2 0 2
-66 4 0 2
+7 10 2 2 0 0 2
cfi=(29)
cfn=(84)
calls=2 24 
* 70 9 0 8 3 0 0 3
* 4
+4 6 2 0 2 0 0 1
-2 2 0 2
+2 2 0 2
cfi=(34)
cfn=(108)
calls=2 -74 
* 5857 1208 755 402 350 149 74 48 65
* 2 2 0 2 2
+1 4 2 0 2
+9 2 2
+2 4 2 0 0 2
+5 2
+6 2 2
+2 2 0 2 2 0 0 1
-8 4
+3 2 0 2 0 0 2 0 0 1
+1 2 0 2
+1 2 0 2
+1 2 0 2 0 0 2
+4 10 2 4
+4 4
+1 3 0 1 1
-43 204 51 0 1 14
+1 102 0 0 2 0 0 1
+44 147
434 4 0 0 2 0 0 1
+2 6 0 2 0 0 2
+3 4 0 0 2 0 0 1
-1 2 0 2 0 0 1
cfi=(19)
cfn=(46)
calls=2 50 
* 36 6 6 8 3
* 2 2 0 2 2
+2 2
-2 2
+2 2
+3 2 2
+1 8
-1 2 0 2 0 0 2 0 0 1
+1 2 0 2 0 0 1
cfi=(20)
cfn=(48)
calls=2 129 
* 20 6 4 3 1 1
+1 10 0 2 2
cfi=(20)
cfn=(48)
calls=2 129 
* 20 6 4 2 2 1 0 0 1
+4 2 0 2 2 0 2
-1 2 0 2 0 0 1
+5 28 14 3 1 4 0 1
+7 6 2 0 2 1 0 2
+4 4 1 1 1 1
+11 3 0 1 1 0 0 1
-1 1 0 1
cfi=(19)
cfn=(46)
calls=1 50 
* 18 3 3 4 1
* 1 1
+3 1
-3 1 0 1
+3 4 2
+5 1
+1 1 0 1 0 0 1
-1 1
+3 2 0 0 1 0 0 1
-3 4 1 1
+9 2 0 1 0 0 1
+4 3 1 1 0 0 1
-10 3 1
-3 3 3 0 0 2
+9 6 0 3 0 0 1 0 0 1
+4 9 3 3 0 0 2
-10 9 3
+13 2 1 0 0 1
+51 2 1 0 1 1 0 1
+2 1 1 0 0 1
-1 1 0 1
+1 2
+35 7 1 2 1 0 0 1
cfi=(20)
cfn=(48)
calls=1 129 
* 10 3 2 1 1
+4 5 0 1
cfi=(52)
cfn=(164)
calls=1 28 
* 232 55 32 10 4 3 7
+3 1 0 1 1
+3 1 0 1
-1 1 0 1 1 0 1 1
+2 4 2
+7 3 1 0 1 0 0 1
+3 2
+3 8 7 0 0 1
225 8 4 0 4 2 0 2 1
-19 2
434 5
+27 2 0 1 1
214 25 11 0 4 6 0 1
+2 2
+2 8 4 0 1 0 0 1
+2 26 0 4
456 9 3 0 0 2
-1 4 4 0 2 1 0 1
+1 10 2
199 3 1 0 1 0 0 1
573 6 0 3 2 0 0 1

fn=(148)
60 4 0 2 2 0 0 1
+7 2 2 0 0 1
-4 6 6
+1 2 2 0 0 2
-1 2 2 0 0 2
+1 2
-1 10 0 2 1 0 1 1
cfi=(24)
cfn=(114)
calls=2 2080 
* 5721 1168 707 386 336 132 72 48 63
* 2 0 2 2 0 2
+5 4 4

fl=(7)
fn=(12)
88 8 0 6 1 0 1 1 0 1
+25 1 1 0 0 1
-1 1 0 1 0 0 1
+1 208 67 3 1 9 2 1 9 2
+6 1 1
-3 1
+1 1 0 1 1 0 1 1
-4 1 0 1 0 0 1 0 0 1
+3 1 0 1
+3 4 2 0 0 1 0 0 1
+1 2 1
-1 12 1 7 1 1 1 1 0 1
-29 1
-1 10 4 5 1 1 0 1 1
+30 2
+1 108 17 0 0 3 0 0 3
+3 1 1
-4 74 20 6 4 2 2 4 1
+62 1 1 0 1 0 0 1
-62 1
+63 1 0 1 0 0 1
-1 1 0 1
-62 3 1
+34 1 1 0 1 1 0 1 1
-34 2 1
+35 1
-35 2
+46 1 1
-46 1
+47 1 0 1
-1 1 0 1
-46 3 1
+40 1 1 0 1 0 0 1
-40 1
+41 1 0 1
-1 1 0 1 1 0 0 1
-40 3 1
+37 1 1 0 0 1 0 0 1
-37 2 1
+38 1
-38 3
+13 1 1
-13 2 1
+14 1
-14 2
+10 1 1 0 1 1 0 1 1
-10 2 1
+11 1
-11 2
+7 1 1 0 1 1 0 1 1
-7 4 1
224 1 0 1 1
cfi=(9)
cfn=(16)
calls=1 +65 
* 25374 5161 8 7 1632 2 7 39 2
fi=(11)
35 2 0 1 1
cfi=(12)
cfn=(22)
calls=1 -4 
* 11 1 1 1 0 1 1 0 1
fi=(8)
196 1
-12 1 0 1 0 0 1
+1 1 0 1 1 0 0 1
+11 1
+3 1
-3 1 0 1 0 0 1
+3 5
366 3 1 0 1 0 0 1
+1 1 0 1
+3 2
+1 1 0 1
+6 1 0 1
+5 2 0 0 1 0 0 1
-3 1 0 1
+3 1
-4 1 0 1
+4 1 0 1
cfi=(9)
cfn=(26)
calls=1 -9 
* 16 4 1 2 2 1 2
+2 4 0 1
cfi=(9)
cfn=(26)
calls=1 -11 
* 18 4 1 0 2 1
* 1 1
+2 3
-2 1 0 1 0 0 1
+2 1 0 1
cfi=(9)
cfn=(26)
calls=1 -13 
* 18 4 1 0 1 1
* 1 1 0 1 0 0 1
+2 3
-2 1 0 1
+2 1 0 1
cfi=(9)
cfn=(26)
calls=1 -15 
* 18 4 1 0 1
+12 1 1 0 0 1
-12 1 1
+11 1 0 1 0 0 1
-11 1 0 1 0 0 1
+12 1
fe=(7)
236 1 0 1 1 0 0 1
cfi=(13)
cfn=(28)
calls=1 79 
* 16 2 0 2 1 0 2 1
* 1 0 1
+2 2 0 1
cfi=(14)
cfn=(30)
calls=1 32 
* 17 5 2 2 0 0 2
* 3
+12 3 1 0 0 1
+3 5 1 1 1 1 0 1
cfi=(2)
cfn=(32)
calls=1 870 
* 100257 25944 10236 5554 7860 2465 612 1072 468
+1 1 1 0 1 1
+1 8 7 0 0 1
fi=(8)
404 3 1 0 1 0 0 1
+28 2 0 1 0 0 1
-9 3 0 0 1 0 0 1
+2 4 1 0 1 0 0 1
+3 4 1
+1 2
205 6 0 1 2 0 0 2
cfn=(24)
calls=1 34 
* 87 8 18 9 1 0 8 1
+3 3 1
+97 4
+7 4
203 1
312 4 1 1
210 5 4 1 1 0 0 1
+1 7 1 0 0 1 0 0 1
+85 3 0 1 1
-79 2 0 1 1 0 0 1
fe=(7)

fn=(282)
260 1 1 0 1 0 0 1

ob=(2)
fl=(18)
fn=(376)
0 1 1 0 1 1 0 1
cob=(3)
cfi=(102)
cfn=(378)
calls=1 3028 
0 63347 15102 627 289 2929 148 102 896 57

fn=(532) 0x0000000004a2a560
0 1 1 0 1 0 0 1
cob=(3)
cfi=(137)
cfn=(512)
calls=1 30 
0 74 22 12 3 6 2

fn=(542)
0 3 1 0 1 0 0 1

fn=(88)
0 1 1 0 1 1 0 1
cob=(1)
cfi=(19)
cfn=(90)
calls=1 111 
0 4 2 0 1

fn=(292)
0 6 2 0 1 1

fn=(510)
0 1 1 0 1
cob=(3)
cfi=(137)
cfn=(512)
calls=1 30 
0 74 22 12 9 7 2 9 2

fn=(524)
0 3 1 0 1

fn=(336)
0 6 2 0 1

ob=(4)
fl=(79)
fn=(526)
0 8 3 2 1 2 0 1
cob=(2)
cfi=(18)
cfn=(532)
calls=1 0 
0 75 23 12 4 6 2 1
0 1 0 1 1
cfn=(536) 0x0000000000000570
calls=1 0 
0 8 2 1 2
0 3 2 1 0 0 1

fn=(536)
0 8 2 1 2

fn=(296)
0 17 3 2 3 0 0 3

totals: 207606 50171 13408 6836 13070 2886 1220 2103 585
